t, x, y, z, vx, vy, vz0, 2.0000000000e+01, 0.0000000000e+00, 2.0000000000e+01, 0.0000000000e+00, 2.5000000000e+01, 0.0000000000e+00
0.1, 2.0651282849e+01, 2.5000000000e+00, 1.9903500000e+01, 6.5128284875e+00, 2.5000000000e+01, -9.6500000000e-01
0.2, 2.1955419766e+01, 4.8489332694e+00, 1.9710965613e+01, 1.3041369174e+01, 2.3489332694e+01, -1.9253438750e+00
0.3, 2.3879117702e+01, 6.8949896300e+00, 1.9423325816e+01, 1.9236979359e+01, 2.0460563607e+01, -2.8763979658e+00
0.4, 2.6353959688e+01, 8.4936589346e+00, 1.9041968472e+01, 2.4748419857e+01, 1.5986693046e+01, -3.8135734364e+00
0.5, 2.9278000643e+01, 9.5158547863e+00, 1.8568733631e+01, 2.9240409555e+01, 1.0221958516e+01, -4.7323484152e+00
0.6, 3.2519241846e+01, 9.8556905386e+00, 1.8005904649e+01, 3.2412412026e+01, 3.3983575240e+00, -5.6282898129e+00
0.7, 3.5920908568e+01, 9.4374731781e+00, 1.7356197178e+01, 3.4016667223e+01, -4.1821736053e+00, -6.4970747122e+00
0.8, 3.9308354960e+01, 8.2214970120e+00, 1.6622746056e+01, 3.3874463917e+01, -1.2159761661e+01, -7.3345112261e+00
0.9, 4.2497323329e+01, 6.2082586284e+00, 1.5809090183e+01, 3.1889683694e+01, -2.0132383836e+01, -8.1365587233e+00
1, 4.5303196940e+01, 3.4407765966e+00, 1.4919155451e+01, 2.8058736109e+01, -2.7674820318e+01, -8.8993473246e+00
1.1, 4.7550811484e+01, 4.7818556458e-03, 1.3957235793e+01, 2.2476145441e+01, -3.4359947410e+01, -9.6191965751e+00
1.2, 4.9084335282e+01, -3.9733555097e+00, 1.2927972473e+01, 1.5335237980e+01, -3.9781373653e+01, -1.0292633202e+01
1.3, 4.9776696036e+01, -8.3309846850e+00, 1.1836331686e+01, 6.9236075366e+00, -4.3576291753e+01, -1.0916407874e+01
1.4, 4.9538025655e+01, -1.2875718872e+01, 1.0687580598e+01, -2.3867038131e+00, -4.5447341869e+01, -1.1487510878e+01
1.5, 4.8322616159e+01, -1.7393945299e+01, 9.4872619338e+00, -1.2154094958e+01, -4.5182264267e+01, -1.2003186642e+01
1.6, 4.6133929393e+01, -2.1660961878e+01, 8.2411672308e+00, -2.1886867657e+01, -4.2670165795e+01, -1.2460947030e+01
1.7, 4.3027280267e+01, -2.5452295522e+01, 6.9553088959e+00, -3.1066491265e+01, -3.7913336439e+01, -1.2858583349e+01
1.8, 3.9109914963e+01, -2.8555668240e+01, 5.6358911956e+00, -3.9173653040e+01, -3.1033727177e+01, -1.3194177003e+01
1.9, 3.4538328052e+01, -3.0783011524e+01, 4.2892803203e+00, -4.5715869104e+01, -2.2273432838e+01, -1.3466108753e+01
2, 2.9512800392e+01, -3.1981891991e+01, 2.9219736674e+00, -5.0255276602e+01, -1.1988804679e+01, -1.3673066529e+01
2.1, 2.4269286641e+01, -3.2045705469e+01, 1.5405684916e+00, -5.2435137508e+01, -6.3813477793e-01, -1.3814051758e+01
2.2, 1.9068929895e+01, -3.0922024798e+01, 1.5173007279e-01, -5.2003567461e+01, 1.1236806716e+01, -1.3888384188e+01
2.3, 1.4185623485e+01, -2.8618549134e+01, -1.2378404436e+00, -4.8833064102e+01, 2.3034756640e+01, -1.3895705164e+01
2.4, 9.8921684880e+00, -2.5206198049e+01, -2.6214383798e+00, -4.2934549968e+01, 3.4123510846e+01, -1.3835979362e+01
2.5, 6.4456822659e+00, -2.0819019158e+01, -3.9923878759e+00, -3.4464862222e+01, 4.3871788909e+01, -1.3709494961e+01
2.6, 4.0729914460e+00, -1.5650728389e+01, -5.3440741005e+00, -2.3726908199e+01, 5.1682907691e+01, -1.3516862246e+01
2.7, 2.9567863603e+00, -9.9478708006e+00, -6.6699751675e+00, -1.1162050858e+01, 5.7028575885e+01, -1.3259010670e+01
2.8, 3.2233187047e+00, -3.9997691173e+00, -7.9636936044e+00, 2.6653234439e+00, 5.9481016833e+01, -1.2937184368e+01
2.9, 4.9323875865e+00, 1.8743920194e+00, -9.2189872196e+00, 1.7090688819e+01, 5.8741611367e+01, -1.2552936152e+01
3, 8.0702807032e+00, 7.3408252563e+00, -1.0429799221e+01, 3.1378931166e+01, 5.4664332369e+01, -1.2108120019e+01
3.1, 1.2546218895e+01, 1.2068067184e+01, -1.1590287442e+01, 4.4759381918e+01, 4.7272419277e+01, -1.1604882206e+01
3.2, 1.8192697706e+01, 1.5744768220e+01, -1.2694852526e+01, 5.6464788114e+01, 3.6767010363e+01, -1.1045650837e+01
3.3, 2.4769935001e+01, 1.8097448629e+01, -1.3738164946e+01, 6.5772372946e+01, 2.3526804085e+01, -1.0433124203e+01
3.4, 3.1974427191e+01, 1.8907273075e+01, -1.4715190720e+01, 7.2044921904e+01, 8.0982444621e+00, -9.7702577442e+00
3.5, 3.9451397984e+01, 1.8024893138e+01, -1.5621215700e+01, 7.4769707931e+01, -8.8237993723e+00, -9.0602497919e+00
3.6, 4.6810703640e+01, 1.5382454656e+01, -1.6451868313e+01, 7.3593056558e+01, -2.6424384815e+01, -8.3065261344e+00
3.7, 5.3645549236e+01, 1.1001965125e+01, -1.7203140662e+01, 6.8348455963e+01, -4.3804895314e+01, -7.5127234883e+00
3.8, 5.9553183088e+01, 4.9993632701e+00, -1.7871407857e+01, 5.9076338514e+01, -6.0026018548e+01, -6.6826719514e+00
3.9, 6.4156582555e+01, -2.4161765291e+00, -1.8453445509e+01, 4.6033994670e+01, -7.4155397992e+01, -5.8203765223e+00
4, 6.7126034141e+01, -1.0947945792e+01, -1.8946445287e+01, 2.9694515864e+01, -8.5317692629e+01, -4.9299977764e+00
4.1, 6.8199452436e+01, -2.0222397714e+01, -1.9348028466e+01, 1.0734182944e+01, -9.2744519219e+01, -4.0158317913e+00
4.2, 6.7200282244e+01, -2.9804558767e+01, -1.9656257408e+01, -9.9917019187e+00, -9.5821610532e+01, -3.0822894179e+00
4.3, 6.4051889582e+01, -3.9217610339e+01, -1.9869644908e+01, -3.1483926618e+01, -9.4130515723e+01, -2.1338749979e+00
4.4, 5.8787470382e+01, -4.7965840718e+01, -1.9987161371e+01, -5.2644192002e+01, -8.7482303789e+01, -1.1751646311e+00
4.5, 5.1554687839e+01, -5.5559941605e+01, -2.0008239780e+01, -7.2327825427e+01, -7.5941008867e+01, -2.1078409499e-01
4.6, 4.2614484064e+01, -6.1543438667e+01, -1.9932778433e+01, -8.9402037748e+01, -5.9834970614e+01, 7.5461347441e-01
4.7, 3.2333789621e+01, -6.5518914653e+01, -1.9761141429e+01, -1.0280694443e+02, -3.9754759869e+01, 1.7163700338e+00
4.8, 2.1172163401e+01, -6.7172616439e+01, -1.9494156919e+01, -1.1161626220e+02, -1.6537017856e+01, 2.6698451078e+00
4.9, 9.6627204260e+00, -6.6296041259e+01, -1.9133113101e+01, -1.1509442975e+02, 8.7657517966e+00, 3.6104381791e+00
5, -1.6119697849e+00, -6.2803176405e+01, -1.8679752012e+01, -1.1274690211e+02, 3.4928648540e+01, 4.5336108862e+00
5.1, -1.2048023976e+01, -5.6742220792e+01, -1.8136261120e+01, -1.0436054191e+02, 6.0609556136e+01, 5.4349089208e+00
5.2, -2.1051161892e+01, -4.8300842390e+01, -1.7505262768e+01, -9.0031379166e+01, 8.4413784013e+01, 6.3099835198e+00
5.3, -2.8068914351e+01, -3.7804314609e+01, -1.6789801523e+01, -7.0177524588e+01, 1.0496527781e+02, 7.1546124484e+00
5.4, -3.2622482646e+01, -2.5706215634e+01, -1.5993329486e+01, -4.5535682947e+01, 1.2098098975e+02, 7.9647203719e+00
5.5, -3.4336532244e+01, -1.2571752400e+01, -1.5119689634e+01, -1.7140495984e+01, 1.3134463234e+02, 8.7363985196e+00
5.6, -3.2965213614e+01, 9.4583276651e-01, -1.4173097280e+01, 1.3713186300e+01, 1.3517585166e+02, 9.4659235444e+00
5.7, -2.8412804406e+01, 1.4134919682e+01, -1.3158119731e+01, 4.5524092086e+01, 1.3189086916e+02, 1.0149775488e+01
5.8, -2.0747560026e+01, 2.6260006175e+01, -1.2079654254e+01, 7.6652443801e+01, 1.2125086492e+02, 1.0784654765e+01
5.9, -1.0207638955e+01, 3.6599487270e+01, -1.0942904446e+01, 1.0539921071e+02, 1.0339481095e+02, 1.1367498083e+01
6, 2.8016748832e+00, 4.4484897176e+01, -9.7533551238e+00, 1.3009313838e+02, 7.8854099066e+01, 1.1895493222e+01
6.1, 1.7719812241e+01, 4.9339609464e+01, -8.5167458631e+00, 1.4918137358e+02, 4.8547122874e+01, 1.2366092607e+01
6.2, 3.3851719039e+01, 5.0714902811e+01, -7.2390433035e+00, 1.6131906798e+02, 1.3752933476e+01, 1.2777025595e+01
6.3, 5.0397031935e+01, 4.8321317977e+01, -5.9264123601e+00, 1.6545312896e+02, -2.3935848341e+01, 1.3126309434e+01
6.4, 6.6486563558e+01, 4.2053361455e+01, -4.5851864770e+00, 1.6089531623e+02, -6.2679565221e+01, 1.3412258831e+01
6.5, 8.1224580544e+01, 3.2005852232e+01, -3.2218370692e+00, 1.4738016986e+02, -1.0047509223e+02, 1.3633494078e+01
6.6, 9.3734960587e+01, 1.8480553780e+01, -1.8429422975e+00, 1.2510380043e+02, -1.3525298452e+02, 1.3788947717e+01
6.7, 1.0320899652e+02, 1.9821716168e+00, -4.5515532919e-01, 9.4740359332e+01, -1.6498382163e+02, 1.3877869683e+01
6.8, 1.0895239760e+02, -1.6796690508e+01, 9.3482776356e-01, 5.7434010791e+01, -1.8778862125e+02, 1.3899830927e+01
6.9, 1.1042893805e+02, -3.7001458455e+01, 2.3203003123e+00, 1.4765404490e+01, -2.0204767946e+02, 1.3854725488e+01
7, 1.0729823280e+02, -5.7651653377e+01, 3.6945774121e+00, -3.1307052472e+01, -2.0650194922e+02, 1.3742770998e+01
7.1, 9.9445286192e+01, -7.7685765671e+01, 5.0510281759e+00, -7.8529466091e+01, -2.0034112295e+02, 1.3564507638e+01
7.2, 8.6999760212e+01, -9.6013060970e+01, 6.3831077287e+00, -1.2445525980e+02, -1.8327295298e+02, 1.3320795528e+01
7.3, 7.0343336717e+01, -1.1156996338e+02, 7.6843887867e+00, -1.6656423496e+02, -1.5556902414e+02, 1.3012810580e+01
7.4, 5.0104087249e+01, -1.2337828013e+02, 8.9485926689e+00, -2.0239249468e+02, -1.1808316746e+02, 1.2642038821e+01
7.5, 2.7137392737e+01, -1.3060227407e+02, 1.0169619591e+01, -2.2966694512e+02, -7.2239939415e+01, 1.2210269225e+01
7.6, 2.4936449261e+00, -1.3260147751e+02, 1.1341578099e+01, -2.4643747810e+02, -1.9992034405e+01, 1.1719585080e+01
7.7, -2.2626321104e+01, -1.2897618624e+02, 1.2458813493e+01, -2.5119966030e+02, 3.6252912734e+01, 1.1172353936e+01
7.8, -4.6926405245e+01, -1.1960278414e+02, 1.3515935112e+01, -2.4300084140e+02, 9.3734020944e+01, 1.0571216185e+01
7.9, -6.9078711591e+01, -1.0465642418e+02, 1.4507842343e+01, -2.2152306346e+02, 1.4946359963e+02, 9.9190723163e+00
8, -8.7792411918e+01, -8.4619120479e+01, 1.5429749235e+01, -1.8713700327e+02, 2.0037303701e+02, 9.2190689232e+00
8.1, -1.0188465051e+02, -6.0271969999e+01, 1.6277207588e+01, -1.4092238588e+02, 2.4347150480e+02, 8.4745835226e+00
8.2, -1.1034983321e+02, -3.2670992534e+01, 1.7046128413e+01, -8.4651827020e+01, 2.7600977465e+02, 7.6892082565e+00
8.3, -1.1242351645e+02, -3.1069205427e+00, 1.7732801669e+01, -2.0736832470e+01, 2.9564071991e+02, 6.8667325606e+00
8.4, -1.0763717881e+02, 2.6949855649e+01, 1.8333914157e+01, 4.7863376410e+01, 3.0056776192e+02, 6.0111248800e+00
8.5, -9.5860426518e+01, 5.5917120839e+01, 1.8846565510e+01, 1.1776752296e+02, 2.8967265190e+02, 5.1265135219e+00
8.6, -7.7327652522e+01, 8.2178578688e+01, 1.9268282183e+01, 1.8532773996e+02, 2.6261457849e+02, 4.2171667361e+00
8.7, -5.2646822793e+01, 1.0416794376e+02, 1.9597029395e+01, 2.4680829730e+02, 2.1989365071e+02, 3.2874721207e+00
8.8, -2.2788879738e+01, 1.2045527357e+02, 1.9831220941e+01, 2.9857943054e+02, 1.6287329811e+02, 2.3419154524e+00
8.9, 1.0942803101e+01, 1.2983107355e+02, 1.9969726845e+01, 3.3731682840e+02, 9.3757999754e+01, 1.3850590420e+00
9, 4.6962451601e+01, 1.3138356587e+02, 2.0011878817e+01, 3.6019648500e+02, 1.5524923220e+01, 4.2151972176e-01
9.1, 8.3469878562e+01, 1.2456460854e+02, 1.9957473474e+01, 3.6507426961e+02, -6.8189573236e+01, -5.4405343115e-01
9.2, 1.1853385450e+02, 1.0924009227e+02, 1.9806773321e+01, 3.5063975939e+02, -1.5324516278e+02, -1.5070015263e+00
9.3, 1.5018731868e+02, 8.5721225992e+01, 1.9560505487e+01, 3.1653464180e+02, -2.3518866275e+02, -2.4626783390e+00
9.4, 1.7653005020e+02, 5.4773930704e+01, 1.9219858214e+01, 2.6342731515e+02, -3.0947295288e+02, -3.4064727288e+00
9.5, 1.9583376620e+02, 1.7604564552e+01, 1.8786475126e+01, 1.9303716005e+02, -3.7169366152e+02, -4.3338308876e+00
9.6, 2.0664419167e+02, -2.4178640530e+01, 1.8262447294e+01, 1.0810425464e+02, -4.1783205082e+02, -5.2402783124e+00
9.7, 2.0787448817e+02, -6.8627793248e+01, 1.7650303155e+01, 1.2302965000e+01, -4.4449152717e+02, -6.1214413944e+00
9.8, 1.9888456219e+02, -1.1353927420e+02, 1.6952996303e+01, -8.9899259724e+01, -4.4911480950e+02, -6.9730685216e+00
9.9, 1.7954120591e+02, -1.5655618038e+02, 1.6173891243e+01, -1.9343356286e+02, -4.3016906181e+02, -7.7910505932e+00
10, 1.5025474979e+02, -1.9528490665e+02, 1.5316747159e+01, -2.9286456118e+02, -3.8728726268e+02, -8.5714408457e+00
10.1, 1.1198890560e+02, -2.2742047973e+02, 1.4385699769e+01, -3.8265844186e+02, -3.2135573081e+02, -9.3104738961e+00
10.2, 6.6241712179e+01, -2.5087448030e+02, 1.3385241378e+01, -4.5747193424e+02, -2.3454000576e+02, -1.0004583910e+01
10.3, 1.4996913773e+01, -2.6389889141e+02, 1.2320199198e+01, -5.1244798406e+02, -1.3024411111e+02, -1.0650421807e+01
10.4, -3.9353363672e+01, -2.6519903989e+02, 1.1195712056e+01, -5.4350277446e+02, -1.3001484798e+01, -1.1244871418e+01
10.5, -9.4112194004e+01, -2.5402898000e+02, 1.0017205603e+01, -5.4758830332e+02, 1.1170059892e+02, -1.1785064525e+01
10.6, -1.4640370479e+02, -2.3026321565e+02, 8.7903661339e+00, -5.2291510785e+02, 2.3765764357e+02, -1.2268394695e+01
10.7, -1.9331579988e+02, -1.9443956181e+02, 7.5211131479e+00, -4.6912095090e+02, 3.5823653835e+02, -1.2692529861e+01
10.8, -2.3205313333e+02, -1.4776917968e+02, 6.2155707908e+00, -3.8737333447e+02, 4.6670382129e+02, -1.3055423570e+01
10.9, -2.6009278556e+02, -9.2111336880e+01, 4.8800383047e+00, -2.8039652236e+02, 5.5657842800e+02, -1.3355324861e+01
11, -2.7533450864e+02, -2.9912180134e+01, 3.5209596338e+00, -1.5241723082e+02, 6.2199156746e+02, -1.3590786709e+01
11.1, -2.7623722235e+02, 3.5891317353e+01, 2.1448923327e+00, -9.0271371070e+00, 6.5803497488e+02, -1.3760673011e+01
11.2, -2.6193369015e+02, 1.0199914905e+02, 7.5847592605e-01, 1.4303532209e+02, 6.6107831699e+02, -1.3864164066e+01
11.3, -2.3231599533e+02, 1.6490285379e+02, -6.3160012694e-01, 2.9617694812e+02, 6.2903704736e+02, -1.3900760530e+01
11.4, -1.8808556276e+02, 2.2106020951e+02, -2.0186287093e+00, 4.4230432578e+02, 5.6157355720e+02, -1.3870285824e+01
11.5, -1.3076299452e+02, 2.6708191148e+02, -3.3959174082e+00, 5.7322568238e+02, 4.6021701972e+02, -1.3772886989e+01
11.6, -6.2654852787e+01, 2.9992099192e+02, -4.7568208055e+00, 6.8108141731e+02, 3.2839080435e+02, -1.3609033974e+01
11.7, 1.3223351802e+01, 3.1705505305e+02, -6.0947725425e+00, 7.5878204589e+02, 1.7134061135e+02, -1.3379517370e+01
11.8, 9.3266418406e+01, 3.1665118955e+02, -7.4033170020e+00, 8.0043066604e+02, -4.0386349767e+00, -1.3085444595e+01
11.9, 1.7343707306e+02, 2.9770380766e+02, -8.6761404569e+00, 8.0170654656e+02, -1.8947381894e+02, -1.2728234549e+01
12, 2.4945578718e+02, 2.6013642090e+02, -9.9071015341e+00, 7.6018714123e+02, -3.7567386763e+02, -1.2309610772e+01
12.1, 3.1701456609e+02, 2.0485990055e+02, -1.1090260846e+01, 6.7558778906e+02, -5.5276520342e+02, -1.1831593123e+01
12.2, 3.7200471962e+02, 1.3378153956e+02, -1.2219909650e+01, 5.4990153534e+02, -7.1078360992e+02, -1.1296488037e+01
12.3, 4.1074729994e+02, 4.9761578959e+01, -1.3290597390e+01, 3.8742580315e+02, -8.4019960604e+02, -1.0706877397e+01
12.4, 4.3021408964e+02, -4.3483551266e+01, -1.4297157997e+01, 1.9466789698e+02, -9.3245130224e+02, -1.0065606073e+01
12.5, 4.2822682022e+02, -1.4152923102e+02, -1.5234734817e+01, -1.9872694155e+01, -9.8045679751e+02, -9.3757681993e+00
12.6, 4.0362274178e+02, -2.3943699454e+02, -1.6098804041e+01, -2.4604078439e+02, -9.7907763526e+02, -8.6406922444e+00
12.7, 3.5637576419e+02, -3.3198757281e+02, -1.6885196536e+01, -4.7246977596e+02, -9.2550578271e+02, -7.8639249494e+00
12.8, 2.8766412757e+02, -4.1394247931e+02, -1.7590117958e+01, -6.8711636612e+02, -8.1954906492e+02, -7.0492142165e+00
12.9, 1.9987788038e+02, -4.8032187244e+02, -1.8210167061e+01, -8.7786247196e+02, -6.6379393136e+02, -6.2004910250e+00
13, 9.6562256752e+01, -5.2668484580e+02, -1.8742352107e+01, -1.0331562363e+03, -4.6362973362e+02, -5.3218504643e+00
13.1, -1.7703768792e+01, -5.4939736042e+02, -1.9184105304e+01, -1.1426602554e+03, -2.2712514618e+02, -4.4175319752e+00
13.2, -1.3749106163e+02, -5.4587282941e+02, -1.9533295194e+01, -1.1978729284e+03, 3.5245310091e+01, -3.4918988942e+00
13.3, -2.5675988847e+02, -5.1477094763e+02, -1.9788236934e+01, -1.1926882684e+03, 3.1101881787e+02, -2.5494174011e+00
13.4, -3.6914596599e+02, -4.5614174258e+02, -1.9947700431e+01, -1.1238607752e+03, 5.8629205042e+02, -1.5946349691e+00
13.5, -4.6828047354e+02, -3.7150398090e+02, -2.0010916273e+01, -9.9134507548e+02, 8.4637761683e+02, -6.3215842327e-01
13.6, -5.4812896752e+02, -2.6384992677e+02, -1.9977579445e+01, -7.9848493975e+02, 1.0765405413e+03, 3.3336828692e-01
13.7, -6.0333225025e+02, -1.3757190468e+02, -1.9847850795e+01, -5.5203282733e+02, 1.2627802209e+03, 1.2972864951e+00
13.8, -6.2953115388e+02, 1.6899823343e+00, -1.9622356265e+01, -2.6198903627e+02, 1.3926188701e+03, 2.2549452960e+00
13.9, -6.2365700443e+02, 1.4727546623e+02, -1.9302183867e+01, 5.8741494432e+01, 1.4558548389e+03, 3.2017239858e+00
14, -5.8417029588e+02, 2.9179933015e+02, -1.8888878431e+01, 3.9486708555e+02, 1.4452386392e+03, 4.1330543574e+00
14.1, -5.1123184321e+02, 4.2750244702e+02, -1.8384434157e+01, 7.2938452666e+02, 1.3570311687e+03, 5.0444427417e+00
14.2, -4.0679336251e+02, 5.4664320038e+02, -1.7791284988e+01, 1.0443848070e+03, 1.1914075336e+03, 5.9314916897e+00
14.3, -2.7459795563e+02, 6.4191079665e+02, -1.7112292869e+01, 1.3219540688e+03, 9.5267596271e+02, 6.7899211904e+00
14.4, -1.2008522033e+02, 7.0683973360e+02, -1.6350733937e+01, 1.5451273530e+03, 6.4928936947e+02, 7.6155893213e+00
14.5, 4.9799522103e+01, 7.3620341943e+02, -1.5510282713e+01, 1.6988474243e+03, 2.9363685830e+02, 8.4045122338e+00
14.6, 2.2688731273e+02, 7.2636476394e+02, -1.4594994376e+01, 1.7708779062e+03, -9.8386554960e+01, 9.1528833747e+00
14.7, 4.0214925601e+02, 6.7556256149e+02, -1.3609285191e+01, 1.7526194329e+03, -5.0802202447e+02, 9.8570918533e+00
14.8, 5.6612722563e+02, 5.8411467015e+02, -1.2557911204e+01, 1.6397796962e+03, -9.1447891342e+02, 1.0513739864e+01
14.9, 7.0941254421e+02, 4.5452231459e+02, -1.1445945296e+01, 1.4328531858e+03, -1.2959235556e+03, 1.1119659079e+01
15, 8.2314994162e+02, 2.9146419257e+02, -1.0278752702e+01, 1.1373739740e+03, -1.6305812202e+03, 1.1671925940e+01
15.1, 8.9954142672e+02, 1.0167427321e+02, -9.0619651265e+00, 7.6391485105e+02, -1.8978991936e+03, 1.2167875758e+01
15.2, 9.3232323323e+02, -1.0629698692e+02, -7.8014535690e+00, 3.2781806503e+02, -2.0797126013e+03, 1.2605115575e+01
15.3, 9.1718886895e+02, -3.2243209099e+02, -6.5032999980e+00, -1.5134364277e+02, -2.1613510407e+03, 1.2981535710e+01
15.4, 8.5213259581e+02, -5.3569445496e+02, -5.1737680045e+00, -6.5056273141e+02, -2.1326236397e+03, 1.3295319935e+01
15.5, 7.3769040820e+02, -7.3455675392e+02, -3.8192725804e+00, -1.1444218760e+03, -1.9886229896e+03, 1.3544954241e+01
15.6, 5.7705969925e+02, -9.0758621168e+02, -2.4463491661e+00, -1.6063070895e+03, -1.7302945776e+03, 1.3729234143e+01
15.7, 3.7608416809e+02, -1.0440589836e+03, -1.0616221171e+00, -2.0097553116e+03, -1.3647277189e+03, 1.3847270490e+01
15.8, 1.4309691422e+02, -1.1345726089e+03, 3.2822725864e-01, -2.3298725387e+03, -9.0513625354e+02, 1.3898493757e+01
15.9, -1.1137819408e+02, -1.1716238037e+03, 1.7164929379e+00, -2.5447510830e+03, -3.7051194803e+02, 1.3882656792e+01
16, -3.7505923730e+02, -1.1501188012e+03, 3.0964765387e+00, -2.6368104322e+03, 2.1505002569e+02, 1.3799836008e+01
16.1, -6.3445782174e+02, -1.0677851279e+03, 4.4615196402e+00, -2.5939858444e+03, 8.2333673222e+02, 1.3650431015e+01
16.2, -8.7552707188e+02, -9.2545713940e+02, 5.8050359094e+00, -2.4106925013e+03, 1.4232798854e+03, 1.3435162692e+01
16.3, -1.0843771501e+03, -7.2721274555e+02, 7.1205428804e+00, -2.0885007824e+03, 1.9824439385e+03, 1.3155069710e+01
16.4, -1.2480241356e+03, -4.8034536939e+02, 8.4016932319e+00, -1.6364698549e+03, 2.4686737616e+03, 1.2811503516e+01
16.5, -1.3551343245e+03, -1.9516302330e+02, 9.6423054137e+00, -1.0711018887e+03, 2.8518234609e+03, 1.2406121817e+01
16.6, -1.3967240459e+03, 1.1538487693e+02, 1.0836393472e+01, -4.1589721397e+02, 3.1054790023e+03, 1.1940880581e+01
16.7, -1.3667751301e+03, 4.3624313045e+02, 1.1978195931e+01, 2.9948915821e+02, 3.2085825351e+03, 1.1418024596e+01
16.8, -1.2627283326e+03, 7.5092974850e+02, 1.3062203596e+01, 1.0404679748e+03, 3.1468661806e+03, 1.0840076642e+01
16.9, -1.0858213201e+03, 1.0423305299e+03, 1.4083186127e+01, 1.7690701248e+03, 2.9140078140e+03, 1.0209825319e+01
17, -8.4124415420e+02, 1.2935736378e+03, 1.5036217286e+01, 2.4457716588e+03, 2.5124310792e+03, 9.5303115882e+00
17.1, -5.3809335100e+02, 1.4889422661e+03, 1.5916698697e+01, 3.0315080320e+03, 1.9536862829e+03, 8.8048141042e+00
17.2, -1.8911521782e+02, 1.6147790106e+03, 1.6720382036e+01, 3.4897813318e+03, 1.2583674453e+03, 8.0368333921e+00
17.3, 1.8976015110e+02, 1.6603332984e+03, 1.7443389532e+01, 3.7887536893e+03, 4.5554287768e+02, 7.2300749588e+00
17.4, 5.8008160917e+02, 1.6185034230e+03, 1.8082232673e+01, 3.9032145806e+03, -4.1829875368e+02, 6.3884314139e+00
17.5, 9.6171259855e+02, 1.4864275229e+03, 1.8633829042e+01, 3.8163098938e+03, -1.3207590017e+03, 5.5159636874e+00
17.6, 1.3138052770e+03, 1.2658832200e+03, 1.9095517186e+01, 3.5209267849e+03, -2.2054430285e+03, 4.6168814362e+00
17.7, 1.6158693271e+03, 9.6346348005e+02, 1.9465069459e+01, 3.0206405003e+03, -3.0241973996e+03, 3.6955227319e+00
17.8, 1.8488840469e+03, 5.9050627790e+02, 1.9740702772e+01, 2.3301471986e+03, -3.7295720215e+03, 2.7563331306e+00
17.9, 1.9963970219e+03, 1.6276746001e+02, 1.9921087194e+01, 1.4751297500e+03, -4.2773881789e+03, 1.8038442218e+00
18, 2.0455500816e+03, -3.0016074919e+02, 2.0005352370e+01, 4.9153059663e+02, -4.6292820920e+03, 8.4265176471e-01
18.1, 1.9879736641e+03, -7.7566946004e+02, 1.9993091722e+01, -5.7576417471e+02, -4.7550871085e+03, -1.2260648716e-01
18.2, 1.8204942841e+03, -1.2391612850e+03, 1.9884364405e+01, -1.6747938001e+03, -4.6349182500e+03, -1.0872731627e+00
18.3, 1.5456065283e+03, -1.6652443596e+03, 1.9679695031e+01, -2.7488775579e+03, -4.2608307455e+03, -2.0466937453e+00
18.4, 1.1716707122e+03, -2.0290382976e+03, 1.9380071128e+01, -3.7393581614e+03, -3.6379393798e+03, -2.9962390305e+00
18.5, 7.1280967373e+02, -2.3075290583e+03, 1.8986938382e+01, -4.5886103846e+03, -2.7849076069e+03, -3.9313274625e+00
18.6, 1.8849265790e+02, -2.4809034211e+03, 1.8502193658e+01, -5.2431701583e+03, -1.7337436286e+03, -4.8474472394e+00
18.7, -3.7718979377e+02, -2.5337908100e+03, 1.7928175849e+01, -5.6568245167e+03, -5.2887388886e+02, -5.7401780834e+00
18.8, -9.5653934893e+02, -2.4563409291e+03, 1.7267654593e+01, -5.7934955516e+03, 7.7449880911e+02, -6.6052125681e+00
18.9, -1.5195146263e+03, -2.2450702456e+03, 1.6523816902e+01, -5.6297527741e+03, 2.1127068349e+03, -7.4383769022e+00
19, -2.0351944679e+03, -1.9034187600e+03, 1.5700251796e+01, -5.1567984160e+03, 3.4165148564e+03, -8.2356510677e+00
19.1, -2.4733733887e+03, -1.4419705185e+03, 1.4800932974e+01, -4.3817892078e+03, 4.6144824145e+03, -8.9931882169e+00
19.2, -2.8062119438e+03, -8.7830651779e+02, 1.3830199651e+01, -3.3283855505e+03, 5.6366400072e+03, -9.7073332329e+00
19.3, -3.0098573219e+03, -2.3647639874e+02, 1.2792735614e+01, -2.0364537812e+03, 6.4183011906e+03, -1.0374640366e+01
19.4, -3.0659461227e+03, 4.5390516201e+02, 1.1693546628e+01, -5.6088800867e+02, 6.9038156075e+03, -1.0991889859e+01
19.5, -2.9629024149e+03, 1.1589111247e+03, 1.0537936280e+01, 1.0304370783e+03, 7.0500596270e+03, -1.1556103484e+01
19.6, -2.6969500075e+03, 1.8418574642e+03, 9.3314803887e+00, 2.6595240739e+03, 6.8294633952e+03, -1.2064558910e+01
19.7, -2.2727683614e+03, 2.4650960697e+03, 8.0800001048e+00, 4.2418164616e+03, 6.2323860550e+03, -1.2514802838e+01
19.8, -1.7037364282e+03, 2.9919635329e+03, 6.7895338205e+00, 5.6903193318e+03, 5.2686746319e+03, -1.2904662843e+01
19.9, -1.0117274043e+03, 3.3887911290e+03, 5.4663080355e+00, 6.9200902394e+03, 3.9682759613e+03, -1.3232257850e+01
20, -2.2643914238e+02, 3.6268725145e+03, 4.1167073142e+00, 7.8528826188e+03, 2.3808138550e+03, -1.3496007213e+01
20.1, 6.1573119352e+02, 3.6842818829e+03, 2.7472434801e+00, 8.4217033590e+03, 5.7409368385e+02, -1.3694638341e+01
20.2, 1.4732348749e+03, 3.5474370306e+03, 1.3645241962e+00, 8.5750368139e+03, -1.3684485229e+03, -1.3827192839e+01
20.3, 2.3012839590e+03, 3.2123092151e+03, -2.4778916957e-02, 8.2804908408e+03, -3.3512781557e+03, -1.3893031131e+01
20.4, 3.0540476581e+03, 2.6851947762e+03, -1.4139624718e+00, 7.5276369910e+03, -5.2711443882e+03, -1.3891835549e+01
20.5, 3.6870323185e+03, 1.9829818747e+03, -2.7963236577e+00, 6.3298466041e+03, -7.0221290159e+03, -1.3823611859e+01
20.6, 4.1595289658e+03, 1.1328686996e+03, -4.1651925820e+00, 4.7249664729e+03, -8.5011317501e+03, -1.3688689243e+01
20.7, 4.4370020089e+03, 1.7151617068e+02, -5.5139644521e+00, 2.7747304305e+03, -9.6135252897e+03, -1.3487718701e+01
20.8, 4.4932884576e+03, -8.5635271937e+02, -6.8361314437e+00, 5.6286448716e+02, -1.0278688900e+04, -1.3221669916e+01
20.9, 4.3124794827e+03, -1.8998645914e+03, -8.1253141011e+00, -1.8080897484e+03, -1.0435118720e+04, -1.2891826574e+01
21, 3.8903655899e+03, -2.9043463862e+03, -9.3752921179e+00, -4.2211389284e+03, -1.0044817948e+04, -1.2499780168e+01
21.1, 3.2353429967e+03, -3.8140154994e+03, -1.0580034350e+01, -6.5502259316e+03, -9.0966911318e+03, -1.2047422324e+01
21.2, 2.3687015259e+03, -4.5748858688e+03, -1.1733727917e+01, -8.6664147088e+03, -7.6087036944e+03, -1.1536935666e+01
21.3, 1.3242426168e+03, -5.1377478404e+03, -1.2830806246e+01, -1.0444589090e+04, -5.6286197158e+03, -1.0970783294e+01
21.4, 1.4720873988e+02, -5.4610674161e+03, -1.3865975936e+01, -1.1770338770e+04, -3.2331957573e+03, -1.0351696893e+01
21.5, -1.1074589259e+03, -5.5136457802e+03, -1.4834242291e+01, -1.2546676658e+04, -5.2578364109e+02, -9.6826635540e+00
21.6, -2.3774809287e+03, -5.2768834881e+03, -1.5730933427e+01, -1.2700220027e+04, 2.3676229214e+03, -8.9669113635e+00
21.7, -3.5961284283e+03, -4.7465056829e+03, -1.6551722810e+01, -1.2186474997e+04, 5.3037780524e+03, -8.2078938256e+00
21.8, -4.6955174923e+03, -3.9336250332e+03, -1.7292650130e+01, -1.0993890640e+04, 8.1288064962e+03, -7.4092732000e+00
21.9, -5.6101569987e+03, -2.8650471663e+03, -1.7950140413e+01, -9.1463950640e+03, 1.0685778669e+04, -6.5749028313e+00
22, -6.2805759868e+03, -1.5827581589e+03, -1.8521021269e+01, -6.7041898809e+03, 1.2822890074e+04, -5.7088085563e+00
22.1, -6.6568419072e+03, -1.4257368660e+02, -1.9002538197e+01, -3.7626592042e+03, 1.4401844723e+04, -4.8151692801e+00
22.2, -6.7017760407e+03, 1.3880271106e+03, -1.9392367878e+01, -4.4934133505e+02, 1.5306007972e+04, -3.8982968121e+00
22.3, -6.3936771853e+03, 2.9328152267e+03, -1.9688629384e+01, 3.0809885542e+03, 1.5447881160e+04, -2.9626150620e+00
22.4, -5.7283798848e+03, 4.4103612672e+03, -1.9889893254e+01, 6.6529730054e+03, 1.4775460406e+04, -2.0126386942e+00
22.5, -4.7204987815e+03, 5.7380688538e+03, -1.9995188388e+01, 1.0078811033e+04, 1.3277075866e+04, -1.0529513447e+00
22.6, -3.4037453663e+03, 6.8365053663e+03, -2.0004006739e+01, 1.3167534153e+04, 1.0984365125e+04, -8.8183505026e-02
22.7, -1.8302461670e+03, 7.6338167228e+03, -1.9916305757e+01, 1.5734991993e+04, 7.9731135648e+03, 8.7700982011e-01
22.8, -6.8840461110e+01, 8.0699959803e+03, -1.9732508599e+01, 1.7614057059e+04, 4.3617925746e+03, 1.8379715729e+00
22.9, 1.7976113352e+03, 8.1007699028e+03, -1.9453502088e+01, 1.8664517963e+04, 3.0773922519e+02, 2.7900651128e+00
23, 3.6758229434e+03, 7.7008742352e+03, -1.9080632429e+01, 1.8782116081e+04, -3.9989566761e+03, 3.7286965885e+00
23.1, 5.4664423849e+03, 6.8665076080e+03, -1.8615698719e+01, 1.7906194415e+04, -8.3436662716e+03, 4.6493371032e+00
23.2, 7.0689894251e+03, 5.6167854933e+03, -1.8060944262e+01, 1.6025470402e+04, -1.2497221147e+04, 5.5475445664e+00
23.3, 8.3871410074e+03, 3.9940584709e+03, -1.7419045749e+01, 1.3181515824e+04, -1.6227270224e+04, 6.4189851271e+00
23.4, 9.3341034878e+03, 2.0630116330e+03, -1.6693100341e+01, 9.4696248040e+03, -1.9310468379e+04, 7.2594540845e+00
23.5, 9.8377906226e+03, -9.1477982255e+01, -1.5886610723e+01, 5.0368713477e+03, -2.1544896152e+04, 8.0648961759e+00
23.6, 9.8455202231e+03, -2.3676842432e+03, -1.5003468209e+01, 7.7296005391e+01, -2.2762062610e+04, 8.8314251433e+00
23.7, 9.3279512828e+03, -4.6514670236e+03, -1.4047933961e+01, -5.1756894028e+03, -2.2837827804e+04, 9.5553424844e+00
23.8, 8.2820076106e+03, -6.8216270392e+03, -1.3024618431e+01, -1.0459436722e+04, -2.1701600156e+04, 1.0233155298e+01
23.9, 6.7325731712e+03, -8.7559488732e+03, -1.1938459117e+01, -1.5494344394e+04, -1.9343218339e+04, 1.0861593137e+01
24, 4.7327972222e+03, -1.0337650488e+04, -1.0794696738e+01, -1.9997759490e+04, -1.5817016150e+04, 1.1437623790e+01
24.1, 2.3629119341e+03, -1.1461919450e+04, -9.5988499474e+00, -2.3698852880e+04, -1.1242689618e+04, 1.1958467907e+01
24.2, -2.7246127478e+02, -1.2042192822e+04, -8.3566887057e+00, -2.6353732089e+04, -5.8027337194e+03, 1.2421612417e+01
24.3, -3.0484613583e+03, -1.2015831339e+04, -7.0742064409e+00, -2.7760000836e+04, 2.6361483355e+02, 1.2824822647e+01
24.4, -5.8254571188e+03, -1.1348850353e+04, -5.7575911301e+00, -2.7769957604e+04, 6.6698098566e+03, 1.3166153108e+01
24.5, -8.4556222169e+03, -1.0039400603e+04, -4.4131954421e+00, -2.6301650982e+04, 1.3094497499e+04, 1.3443956880e+01
24.6, -1.0790330019e+04, -8.1197405263e+03, -3.0475060861e+00, -2.3347078016e+04, 1.9196600767e+04, 1.3656893560e+01
24.7, -1.2688022257e+04, -5.6565071250e+03, -1.6671125132e+00, -1.8976922389e+04, 2.4632334013e+04, 1.3803935729e+01
24.8, -1.4022160088e+04, -2.7491717443e+03, -2.7867512245e-01, -1.3341378305e+04, 2.9073353806e+04, 1.3884373908e+01
24.9, -1.4688838885e+04, 4.7334283408e+02, 1.1111068758e+00, -6.6667879699e+03, 3.2225145784e+04, 1.3897819982e+01
25, -1.4613641647e+04, 3.8578110378e+03, 2.4955277833e+00, 7.5197237749e+02, 3.3844682037e+04, 1.3844209076e+01
25.1, -1.3757321619e+04, 7.2334476488e+03, 3.8679077693e+00, 8.5632002822e+03, 3.3756366110e+04, 1.3723799860e+01
25.2, -1.2119943224e+04, 1.0419979310e+04, 5.2216251003e+00, 1.6373783946e+04, 3.1865316610e+04, 1.3537173310e+01
25.3, -9.7431708868e+03, 1.3236691988e+04, 6.5501480902e+00, 2.3767723376e+04, 2.8167126780e+04, 1.3285229899e+01
25.4, -6.7104758408e+03, 1.5512029468e+04, 7.8470666156e+00, 3.0326950460e+04, 2.2753374800e+04, 1.2969185254e+01
25.5, -3.1451285208e+03, 1.7093263826e+04, 9.1061230446e+00, 3.5653473200e+04, 1.5812343579e+04, 1.2590564289e+01
25.6, 7.9404568039e+02, 1.7855727062e+04, 1.0321242430e+01, 3.9391742012e+04, 7.6246323642e+03, 1.2151193853e+01
25.7, 4.9190516678e+03, 1.7711086664e+04, 1.1486561820e+01, 4.1250059874e+04, -1.4464039814e+03, 1.1653193905e+01
25.8, 9.0210357028e+03, 1.6614168618e+04, 1.2596458550e+01, 4.1019840350e+04, -1.0969180462e+04, 1.1098967297e+01
25.9, 1.2880191941e+04, 1.4567879806e+04, 1.3645577367e+01, 3.8591562379e+04, -2.0462888117e+04, 1.0491188172e+01
26, 1.6276829893e+04, 1.1625856812e+04, 1.4628856274e+01, 3.3966379524e+04, -2.9420229937e+04, 9.8327890645e+00
26.1, 1.9003081095e+04, 7.8925674940e+03, 1.5541550949e+01, 2.7262512017e+04, -3.7332893183e+04, 9.1269467493e+00
26.2, 2.0874658793e+04, 3.5207113833e+03, 1.6379257640e+01, 1.8715776977e+04, -4.3718561107e+04, 8.3770669160e+00
26.3, 2.1742047467e+04, -1.2941001435e+03, 1.7137934414e+01, 8.6738867417e+03, -4.8148115268e+04, 7.5867677348e+00
26.4, 2.1500493026e+04, -6.3212592321e+03, 1.7813920654e+01, -2.4155444079e+03, -5.0271590886e+04, 6.7598623994e+00
26.5, 2.0098191698e+04, -1.1305402254e+04, 1.8403954727e+01, -1.4023013279e+04, -4.9841430215e+04, 5.9003407278e+00
26.6, 1.7542136472e+04, -1.5978566052e+04, 1.8905189718e+01, -2.5560552264e+04, -4.6731637986e+04, 5.0123499123e+00
26.7, 1.3901173138e+04, -2.0073724036e+04, 1.9315207169e+01, -3.6409633334e+04, -4.0951579833e+04, 4.1001745084e+00
26.8, 9.3059404712e+03, -2.3339061682e+04, 1.9632028745e+01, -4.5952326671e+04, -3.2653376461e+04, 3.1682157625e+00
26.9, 3.9455160403e+03, -2.5552274316e+04, 1.9854125782e+01, -5.3604244309e+04, -2.2132126341e+04, 2.2209703756e+00
27, -1.9392458009e+03, -2.6534127006e+04, 1.9980426663e+01, -5.8847618413e+04, -9.8185268982e+03, 1.2630088066e+00
27.1, -8.0655218425e+03, -2.6160511398e+04, 2.0010321985e+01, -6.1262760416e+04, 3.7361560772e+03, 2.9895322008e-01
27.2, -1.4121134962e+04, -2.4372269746e+04, 1.9943667503e+01, -6.0556131193e+04, 1.7882416514e+04, -6.6654481569e-01
27.3, -1.9779467936e+04, -2.1182132744e+04, 1.9780784826e+01, -5.6583329745e+04, 3.1901370028e+04, -1.6288267727e+00
27.4, -2.4716015915e+04, -1.6678233375e+04, 1.9522459862e+01, -4.9365479790e+04, 4.5038993686e+04, -2.5832496406e+00
27.5, -2.8625791576e+04, -1.1023810008e+04, 1.9169939029e+01, -3.9097756607e+04, 5.6544233669e+04, -3.5252083290e+00
27.6, -3.1240705747e+04, -4.4528923210e+03, 1.8724923241e+01, -2.6149141705e+04, 6.5709176872e+04, -4.4501578871e+00
27.7, -3.2345996435e+04, 2.7380344201e+03, 1.8189559697e+01, -1.1052906884e+04, 7.1909267410e+04, -5.3536354335e+00
27.8, -3.1794775825e+04, 1.0202177306e+04, 1.7566431528e+01, 5.5122061030e+03, 7.4641428861e+04, -6.2312816889e+00
27.9, -2.9519810772e+04, 1.7557971291e+04, 1.6858545327e+01, 2.2749650529e+04, 7.3557939849e+04, -7.0788620101e+00
28, -2.5541748102e+04, 2.4407372419e+04, 1.6069316645e+01, 3.9780626700e+04, 6.8494011279e+04, -7.8922868221e+00
28.1, -1.9973139349e+04, 3.0356095347e+04, 1.5202553510e+01, 5.5686087524e+04, 5.9487229281e+04, -8.6676313503e+00
28.2, -1.3017805662e+04, 3.5034830755e+04, 1.4262438054e+01, 6.9553336873e+04, 4.6787354084e+04, -9.4011545571e+00
28.3, -4.9653049744e+03, 3.8120369818e+04, 1.3253506335e+01, 8.0525006878e+04, 3.0855390626e+04, -1.0089317193e+01
28.4, 3.8194894796e+03, 3.9355505301e+04, 1.2180626448e+01, 8.7847944539e+04, 1.2351354830e+04, -1.0728798874e+01
28.5, 1.2911429359e+04, 3.8566578090e+04, 1.1048975038e+01, 9.0919398799e+04, -7.8892721054e+03, -1.1316514100e+01
28.6, 2.1844218453e+04, 3.5677597387e+04, 9.8640123231e+00, 8.9327890939e+04, -2.8889807035e+04, -1.1849627146e+01
28.7, 3.0132846619e+04, 3.0719982785e+04, 8.6314557491e+00, 8.2886281655e+04, -4.9576146016e+04, -1.2325565740e+01
28.8, 3.7298328494e+04, 2.3837154120e+04, 7.3572524011e+00, 7.1654818755e+04, -6.8828286651e+04, -1.2742033480e+01
28.9, 4.2893563876e+04, 1.5283424210e+04, 6.0475503102e+00, 5.5952353820e+04, -8.5537299100e+04, -1.3097020908e+01
29, 4.6529007935e+04, 5.4169212686e+03, 4.7086687891e+00, 3.6354440589e+04, -9.8665029418e+04, -1.3388815211e+01
29.1, 4.7896773075e+04, -5.3134302256e+03, 3.3470679411e+00, 1.3677651400e+04, -1.0730351494e+05, -1.3616008480e+01
29.2, 4.6791787408e+04, -1.6386523294e+04, 1.9693174903e+00, -1.1049856668e+04, -1.1073093068e+05, -1.3777504508e+01
29.3, 4.3128711386e+04, -2.7232611787e+04, 5.8206508261e-01, -3.6630760226e+04, -1.0846088494e+05, -1.3872524077e+01
29.4, 3.6953464323e+04, -3.7260816890e+04, -8.0799578911e-01, -6.1752470632e+04, -1.0028205102e+05, -1.3900608717e+01
29.5, 2.8448432656e+04, -4.5889362981e+04, -2.1941580812e+00, -8.5050316668e+04, -8.6285460915e+04, -1.3861622920e+01
29.6, 1.7930714141e+04, -5.2577091771e+04, -3.5697335605e+00, -1.0517718515e+05, -6.6877287898e+04, -1.3755754793e+01
29.7, 5.8430854160e+03, -5.6854650891e+04, -4.9280850753e+00, -1.2087628725e+05, -4.2775591203e+04, -1.3583515149e+01
29.8, -7.2622503299e+03, -5.8353676983e+04, -6.2626585797e+00, -1.3105335746e+05, -1.4990260918e+04, -1.3345735044e+01
29.9, -2.0746691045e+04, -5.6832302141e+04, -7.5670147565e+00, -1.3484440715e+05, 1.5213748420e+04, -1.3043561767e+01
30, -3.3914207549e+04, -5.2195410949e+04, -8.8348600870e+00, -1.3167516505e+05, 4.6368911922e+04, -1.2678453305e+01
30.1, -4.6045062998e+04, -4.4508263190e+04, -1.0060077218e+01, -1.2130855449e+05, 7.6871477589e+04, -1.2252171306e+01
30.2, -5.6432761116e+04, -3.4002369888e+04, -1.1236754476e+01, -1.0387698118e+05, 1.0505893301e+05, -1.1766772580e+01
30.3, -6.4422443764e+04, -2.1072858029e+04, -1.2359214393e+01, -7.9896826480e+04, 1.2929511859e+05, -1.1224599177e+01
30.4, -6.9448777410e+04, -6.2669680043e+03, -1.3422041102e+01, -5.0263336457e+04, 1.4805890025e+05, -1.0628267083e+01
30.5, -7.1071281015e+04, 9.7362206788e+03, -1.4420106462e+01, -1.6225036053e+04, 1.6003188683e+05, -9.9806535993e+00
30.6, -6.9005064702e+04, 2.6154267183e+04, -1.5348594808e+01, 2.0662163135e+04, 1.6418046504e+05, -9.2848834626e+00
30.7, -6.3145074565e+04, 4.2137012332e+04, -1.6203026184e+01, 5.8599901366e+04, 1.5982745150e+05, -8.5443137631e+00
30.8, -5.3582173785e+04, 5.6807906406e+04, -1.6979277959e+01, 9.5629007796e+04, 1.4670894074e+05, -7.7625177497e+00
30.9, -4.0609727581e+04, 6.9309152234e+04, -1.7673604718e+01, 1.2972446204e+05, 1.2501245828e+05, -6.9432675882e+00
31, -2.4719787591e+04, 7.8848481916e+04, -1.8282656334e+01, 1.5889939990e+05, 9.5393296820e+04, -6.0905161606e+00
31.1, -6.5884724273e+03, 8.4745171249e+04, -1.8803494133e+01, 1.8131315164e+05, 5.8966893331e+04, -5.2083779924e+00
31.2, 1.2949306994e+04, 8.6472796854e+04, -1.9233605073e+01, 1.9537779421e+05, 1.7276256048e+04, -4.3011094005e+00
31.3, 3.2935052614e+04, 8.3696268968e+04, -1.9570913869e+01, 1.9985745620e+05, -2.7765278858e+04, -3.3730879557e+00
31.4, 5.2330519040e+04, 7.6300833885e+04, -1.9813793005e+01, 1.9395466426e+05, -7.3954350831e+04, -2.4287913616e+00
31.5, 7.0068356729e+04, 6.4411033215e+04, -1.9961070590e+01, 1.7737837689e+05, -1.1889800670e+05, -1.4727758491e+00
31.6, 8.5107258181e+04, 4.8398024646e+04, -2.0012036009e+01, 1.5038901452e+05, -1.6013008569e+05, -5.0965419311e-01
31.7, 9.6488932823e+04, 2.8874195677e+04, -1.9966443355e+01, 1.1381674642e+05, -1.9523828969e+05, 4.5592654433e-01
31.8, 1.0339398294e+05, 6.6746162318e+03, -1.9824512611e+01, 6.9050501123e+04, -2.2199579445e+05, 1.4193074362e+00
31.9, 1.0519364078e+05, -1.7174449517e+04, -1.9586928594e+01, 1.7996578426e+04, -2.3849065749e+05, 2.3758401697e+00
32, 1.0149437026e+05, -4.1499049744e+04, -1.9254837647e+01, -3.6992705226e+04, -2.4324600227e+05, 3.3209094744e+00
32.1, 9.2172541713e+04, -6.5031453772e+04, -1.8829842108e+01, -9.3218285422e+04, -2.3532404028e+05, 4.2499553908e+00
32.2, 7.7396754372e+04, -8.6472198654e+04, -1.8313992580e+01, -1.4775787341e+05, -2.1440744882e+05, 5.1584952725e+00
32.3, 5.7635897315e+04, -1.0455744366e+05, -1.7709778039e+01, -1.9760857057e+05, -1.8085245008e+05, 6.0421454145e+00
32.4, 3.3651688134e+04, -1.1812835513e+05, -1.7020113818e+01, -2.3984209182e+05, -1.3570911471e+05, 6.8966422049e+00
32.5, 6.4751814879e+03, -1.2619894486e+05, -1.6248327549e+01, -2.7176506646e+05, -8.0705897323e+04, 7.7178626966e+00
32.6, -2.2632436070e+04, -1.2801865906e+05, -1.5398143099e+01, -2.9107617557e+05, -1.8197141981e+04, 8.5018445009e+00
32.7, -5.2233593354e+04, -1.2312607846e+05, -1.4473662608e+01, -2.9601157284e+05, 4.8925806013e+04, 9.2448049054e+00
32.8, -8.0780609455e+04, -1.1139035144e+05, -1.3479346696e+01, -2.8547016101e+05, 1.1735727018e+05, 9.9431591262e+00
32.9, -1.0669169722e+05, -9.3037438271e+04, -1.2419992935e+01, -2.5911087763e+05, 1.8352913173e+05, 1.0593537604e+01
33, -1.2843321489e+05, -6.8658883091e+04, -1.1300712709e+01, -2.1741517677e+05, 2.4378555180e+05, 1.1192802263e+01
33.1, -1.4460414987e+05, -3.9201627730e+04, -1.0126906544e+01, -1.6170934977e+05, 2.9457255361e+05, 1.1738061652e+01
33.2, -1.5401846531e+05, -5.9383043016e+03, -8.9042380544e+00, -9.4143154416e+04, 3.3263323428e+05, 1.2226684892e+01
33.3, -1.5578079963e+05, 2.9581549551e+04, -7.6386066165e+00, -1.7623343148e+04, 3.5519853853e+05, 1.2656314378e+01
33.4, -1.4935109966e+05, 6.5597867086e+04, -6.3361189018e+00, 6.4296999686e+04, 3.6016317534e+05, 1.3024877148e+01
33.5, -1.3459410019e+05, 1.0022151136e+05, -5.0030594133e+00, 1.4756999466e+05, 3.4623644273e+05, 1.3330594885e+01
33.6, -1.1181013106e+05, 1.3152735786e+05, -3.6458601632e+00, 2.2783969136e+05, 3.1305846498e+05, 1.3571992501e+01
33.7, -8.1744522344e+04, 1.5765472138e+05, -2.2710696377e+00, 3.0065608713e+05, 2.6127363524e+05, 1.3747905254e+01
33.8, -4.5573858909e+04, 1.7691020705e+05, -8.8532120131e-01, 3.6170663435e+05, 1.9255485670e+05, 1.3857484364e+01
33.9, -4.8684662567e+03, 1.8786764931e+05, 5.0469890992e-01, 4.0705392652e+05, 1.0957442260e+05, 1.3900201112e+01
34, 3.8468260269e+04, 1.8945964672e+05, 1.8922838489e+00, 4.3336726526e+05, 1.5919974077e+04, 1.3875849390e+01
34.1, 8.2281802165e+04, 1.8105532766e+05, 3.2707385183e+00, 4.3813541896e+05, -8.4043190554e+04, 1.3784546694e+01
34.2, 1.2426661672e+05, 1.6251940259e+05, 4.6334118744e+00, 4.1984814559e+05, -1.8535925071e+05, 1.3626733561e+01
34.3, 1.6208011582e+05, 1.3424826665e+05, 5.9737290182e+00, 3.7813499092e+05, -2.8271135943e+05, 1.3403171438e+01
34.4, 1.9346526373e+05, 9.7179891818e+04, 7.2852229194e+00, 3.1385147913e+05, -3.7068374831e+05, 1.3114939013e+01
34.5, 2.1637576752e+05, 5.2775453414e+04, 8.5615656201e+00, 2.2910503793e+05, -4.4404438404e+05, 1.2763427007e+01
34.6, 2.2909734386e+05, 2.9720212436e+03, 9.7965987666e+00, 1.2721576337e+05, -4.9803432170e+05, 1.2350331466e+01
34.7, 2.3035837531e+05, -4.9892852293e+04, 1.0984363324e+01, 1.2610314473e+04, -5.2864873537e+05, 1.1877645575e+01
34.8, 2.1942344422e+05, -1.0318226969e+05, 1.2119128329e+01, -1.0934931087e+05, -5.3289417397e+05, 1.1347650045e+01
34.9, 1.9616376452e+05, -1.5408296526e+05, 1.3195418539e+01, -2.3259679701e+05, -5.0900695565e+05, 1.0762902103e+01
35, 1.6109941332e+05, -1.9974484561e+05, 1.4208040855e+01, -3.5064351199e+05, -4.5661880354e+05, 1.0126223158e+01
35.1, 1.1540946894e+05, -2.3743062817e+05, 1.5152109373e+01, -4.5689944380e+05, -3.7685782557e+05, 9.4406851871e+00
35.2, 6.0907643979e+04, -2.6466819719e+05, 1.6023068964e+01, -5.4501824961e+05, -2.7237569020e+05, 8.7095959098e+00
35.3, -1.7300827125e+01, -2.7939772193e+05, 1.6816717248e+01, -6.0924944806e+05, -1.4729524739e+05, 7.9364828323e+00
35.4, -6.4495242277e+04, -2.8010539646e+05, 1.7529224870e+01, -6.4477941450e+05, -7.0767453221e+03, 7.1250762251e+00
35.5, -1.2929947889e+05, -2.6593589857e+05, 1.8157153983e+01, -6.4804236617e+05, 1.4169497884e+05, 6.2792911251e+00
35.6, -1.9099778143e+05, -2.3677633768e+05, 1.8697474827e+01, -6.1698302540e+05, 2.9159560896e+05, 5.4032084454e+00
35.7, -2.4612319689e+05, -1.9330555844e+05, 1.9147580356e+01, -5.5125415458e+05, 4.3470779239e+05, 4.5010552850e+00
35.8, -2.9135666143e+05, -1.3700415433e+05, 1.9505298809e+01, -4.5233464533e+05, 5.6301404108e+05, 3.5771845328e+00
35.9, -3.2371238546e+05, -7.0122366753e+04, 1.9768904196e+01, -3.2355724036e+05, 6.6881787577e+05, 2.6360538653e+00
36, -3.4071629967e+05, 4.3948763897e+03, 1.9937124619e+01, -1.7003914209e+05, 7.4517243142e+05, 1.6822042379e+00
36.1, -3.4056765379e+05, 8.3024289702e+04, 2.0009148417e+01, 1.4864588330e+03, 7.8629413312e+05, 7.2023797500e-01
36.2, -3.2227417973e+05, 1.6181814377e+05, 1.9984628073e+01, 1.8293474061e+05, 7.8793854071e+05, -2.4520343611e-01
36.3, -2.8575207921e+05, 2.3658975780e+05, 1.9863681899e+01, 3.6522100516e+05, 7.4771614032e+05, -1.2094617406e+00
36.4, -2.3188345982e+05, 3.0312253410e+05, 1.9646893460e+01, 5.3868619391e+05, 6.6532776296e+05, -2.1678843923e+00
36.5, -1.6252567943e+05, 3.5739277471e+05, 1.9335308760e+01, 6.9357780394e+05, 5.4270240606e+05, -3.1158470017e+00
36.6, -8.0469297116e+04, 3.9579521742e+05, 1.8930431195e+01, 8.2056382310e+05, 3.8402442717e+05, -4.0487756494e+00
36.7, 1.0656126787e+04, 4.1535943851e+05, 1.8434214299e+01, 9.1125423903e+05, 1.9564221086e+05, -4.9621689545e+00
36.8, 1.0652640579e+05, 4.1394506465e+05, 1.7849052320e+01, 9.5870278999e+05, -1.4143738563e+04, -5.8516197945e+00
36.9, 2.0231251418e+05, 3.9040416228e+05, 1.7177768663e+01, 9.5786108395e+05, -2.3540902370e+05, -6.7128365689e+00
37, 2.9290832655e+05, 3.4470024203e+05, 1.6423602272e+01, 9.0595812368e+05, -4.5703920255e+05, -7.5416639069e+00
37.1, 3.7318639416e+05, 2.7797501078e+05, 1.5590192001e+01, 8.0278067614e+05, -6.6725231248e+05, -8.3341027165e+00
37.2, 4.3826977144e+05, 1.9255626952e+05, 1.4681559053e+01, 6.5083377276e+05, -8.5418741256e+05, -9.0863294806e+00
37.3, 4.8380635179e+05, 9.1903104506e+04, 1.3702087582e+01, 4.5536580349e+05, -1.0065316502e+06, -9.7947147048e+00
37.4, 5.0623124903e+05, -1.9512365781e+04, 1.2656503539e+01, 2.2424897238e+05, -1.1141547029e+06, -1.0455840431e+01
37.5, 5.0300255378e+05, -1.3638408952e+05, 1.1549851866e+01, -3.2286952500e+04, -1.1687172374e+06, -1.1066516726e+01
37.6, 4.7279635679e+05, -2.5280603615e+05, 1.0387472159e+01, -3.0206196990e+05, -1.1642194663e+06, -1.1623797079e+01
37.7, 4.1564827775e+05, -3.6255174574e+05, 9.1749728974e+00, -5.7148079033e+05, -1.0974570959e+06, -1.2124992611e+01
37.8, 3.3303084303e+05, -4.5938724385e+05, 7.9182043921e+00, -8.2617434719e+05, -9.6835498114e+05, -1.2567685053e+01
37.9, 2.2785885071e+05, -5.3740260288e+05, 6.6232305507e+00, -1.0517199233e+06, -7.8015359034e+05, -1.2949738415e+01
38, 1.0441823818e+05, -5.9134557924e+05, 5.2962996218e+00, -1.2344061253e+06, -5.3942976357e+05, -1.3269309289e+01
38.1, -3.1782220033e+04, -6.1693967912e+05, 3.9438140472e+00, -1.3620045821e+06, -2.5594099876e+05, -1.3524855746e+01
38.2, -1.7423298603e+05, -6.1116880584e+05, 2.5722995699e+00, -1.4245076600e+06, 5.7708732743e+04, -1.3715144773e+01
38.3, -3.1571207865e+05, -5.7251138082e+05, 1.1883737471e+00, -1.4147909262e+06, 3.8657425021e+05, -1.3839258228e+01
38.4, -4.4862814781e+05, -5.0110852340e+05, -2.0128597902e-01, -1.3291606916e+06, 7.1402857420e+05, -1.3896597261e+01
38.5, -5.6540322496e+05, -3.9885348796e+05, -1.5899745003e+00, -1.1677507715e+06, 1.0225503544e+06, -1.3886885213e+01
38.6, -6.5887707927e+05, -2.6939300359e+05, -2.9709913946e+00, -9.3473854307e+05, 1.2946048437e+06, -1.3810168943e+01
38.7, -7.2271290465e+05, -1.1803530798e+05, -4.3376732554e+00, -6.3835825383e+05, 1.5135769561e+06, -1.3666818608e+01
38.8, -7.5178280997e+05, 4.8435667306e+04, -5.6834258427e+00, -2.9069905320e+05, 1.6647097528e+06, -1.3457525874e+01
38.9, -7.4251140474e+05, 2.2203553676e+05, -7.0017559004e+00, 9.2714052347e+04, 1.7359986946e+06, -1.3183300577e+01
39, -6.9315673874e+05, 3.9393468219e+05, -8.2863024858e+00, 4.9354666000e+05, 1.7189914543e+06, -1.2845465854e+01
39.1, -6.0400998083e+05, 5.5487920110e+05, -9.5308676618e+00, 8.9146757913e+05, 1.6094451891e+06, -1.2445651759e+01
39.2, -4.7749846430e+05, 6.9565899674e+05, -1.0729446401e+01, 1.2651151653e+06, 1.4077979563e+06, -1.1985787395e+01
39.3, -3.1818097633e+05, 8.0760082962e+05, -1.1876255562e+01, 1.5931748796e+06, 1.1194183288e+06, -1.1468091606e+01
39.4, -1.3262925903e+05, 8.8306152805e+05, -1.2965761789e+01, 1.8555171731e+06, 7.5460698431e+05, -1.0895062275e+01
39.5, 7.0804602174e+04, 9.1589510014e+05, -1.3992708216e+01, 2.0343386120e+06, 3.2833572095e+05, -1.0269464269e+01
39.6, 2.8232916848e+05, 9.0186734883e+05, -1.4952139826e+01, 2.1152456631e+06, -1.4027751316e+05, -9.5943160973e+00
39.7, 4.9115117597e+05, 8.3899284777e+05, -1.5839427361e+01, 2.0882200749e+06, -6.2874501057e+05, -8.8728753507e+00
39.8, 6.8599192988e+05, 7.2777180493e+05, -1.6650289659e+01, 1.9484075391e+06, -1.1122104284e+06, -8.1086229805e+00
39.9, 8.5565966240e+05, 5.7130836162e+05, -1.7380814310e+01, 1.6966773252e+06, -1.5646344331e+06, -7.3052465045e+00
40, 9.8965063548e+05, 3.7529711330e+05, -1.8027476531e+01, 1.3399097308e+06, -1.9601124832e+06, -6.4666222140e+00
40.1, 1.0787486521e+06, 1.4787088599e+05, -1.8587156178e+01, 8.9098016650e+05, -2.2742622731e+06, -5.5967964714e+00
40.2, 1.1155909556e+06, -1.0069021513e+05, -1.9057152797e+01, 3.6842303478e+05, -2.4856110112e+06, -4.6999661858e+00
40.3, 1.0951684187e+06, -3.5838107909e+05, -1.9435198653e+01, -2.0422536900e+05, -2.5769086395e+06, -3.7804585634e+00
40.4, 1.0152295533e+06, -6.1201035315e+05, -1.9719469676e+01, -7.9938865405e+05, -2.5362927407e+06, -2.8427102284e+00
40.5, 8.7656121573e+05, -8.4783379750e+05, -1.9908594257e+01, -1.3866833757e+06, -2.3582344435e+06, -1.8912458165e+00
40.6, 6.8312386871e+05, -1.0522540158e+06, -2.0001659872e+01, -1.9343734702e+06, -2.0442021833e+06, -9.3065614361e-01
40.7, 4.4202571538e+05, -1.2125531672e+06, -1.9998217477e+01, -2.4109815333e+06, -1.6029915137e+06, 3.4423945206e-02
40.8, 1.6332768753e+05, -1.3176215606e+06, -1.9898283683e+01, -2.7869802785e+06, -1.0506839340e+06, 9.9933793849e-01
40.9, -1.4032018931e+05, -1.3586430897e+06, -1.9702340671e+01, -3.0364787684e+06, -4.1021529141e+05, 1.9594301262e+00
41, -4.5420152044e+05, -1.3296984877e+06, -1.9411333865e+01, -3.1388133113e+06, 2.8944602080e+05, 2.9100680636e+00
41.1, -7.6219679439e+05, -1.2282494819e+06, -1.9026667372e+01, -3.0799527396e+06, 1.0144900579e+06, 3.8466649225e+00
41.2, -1.0475600349e+06, -1.0554711210e+06, -1.8550197210e+01, -2.8536324054e+06, 1.7277836090e+06, 4.7647016233e+00
41.3, -1.2937741032e+06, -8.1640572101e+05, -1.7984222346e+01, -2.4621406825e+06, 2.3906539996e+06, 5.6597486386e+00
41.4, -1.4854436858e+06, -5.1991983146e+05, -1.7331473609e+01, -1.9166958260e+06, 2.9648588955e+06, 6.5274873668e+00
41.5, -1.6091806090e+06, -1.7845502673e+05, -1.6595100513e+01, -1.2373692326e+06, 3.4146480473e+06, 7.3637309685e+00
41.6, -1.6544338829e+06, 1.9242622698e+05, -1.5778656056e+01, -4.5253273901e+05, 3.7088125371e+06, 8.1644445682e+00
41.7, -1.6142170470e+06, 5.7468739323e+05, -1.4886079583e+01, 4.0216835945e+05, 3.8226116625e+06, 8.9257647229e+00
41.8, -1.4856880937e+06, 9.4863416355e+05, -1.3921677777e+01, 1.2852895334e+06, 3.7394677033e+06, 9.6440180628e+00
41.9, -1.2705424884e+06, 1.2938666414e+06, -1.2890103876e+01, 2.1514560529e+06, 3.4523247789e+06, 1.0315739016e+01
42, -9.7518745698e+05, 1.5903246257e+06, -1.1796335223e+01, 2.9535503139e+06, 2.9645798427e+06, 1.0937686528e+01
42.1, -6.1067550422e+05, 1.8193757538e+06, -1.0645649253e+01, 3.6451195276e+06, 2.2905112804e+06, 1.1506859702e+01
42.2, -1.9238666441e+05, 1.9648910533e+06, -9.4435980248e+00, 4.1828883981e+06, 1.4551529953e+06, 1.2020512278e+01
42.3, 2.6053824481e+05, 2.0142498882e+06, -8.1959814365e+00, 4.5292490923e+06, 4.9358834931e+05, 1.2476165883e+01
42.4, 7.2599770209e+05, 1.9592166617e+06, -6.9088192377e+00, 4.6545945728e+06, -5.5033226526e+05, 1.2871621987e+01
42.5, 1.1799338915e+06, 1.7966351084e+06, -5.5883219861e+00, 4.5393618939e+06, -1.6258155333e+06, 1.3204972516e+01
42.6, 1.5974998645e+06, 1.5288925639e+06, -4.2408610810e+00, 4.1756597300e+06, -2.6774254450e+06, 1.3474609052e+01
42.7, 1.9543367862e+06, 1.1641160734e+06, -2.8729380211e+00, 3.5683692168e+06, -3.6477649049e+06, 1.3679230599e+01
42.8, 2.2278996628e+06, 7.1607425873e+05, -1.4911530353e+00, 2.7356287669e+06, -4.4804181463e+06, 1.3817849858e+01
42.9, 2.3987637747e+06, 2.0377301292e+05, -1.0217323607e-01, 1.7086411189e+06, -5.1230124582e+06, 1.3889797992e+01
43, 2.4518411124e+06, -3.4925129937e+05, 1.2872995490e+00, 5.3077337626e+05, -5.5302431228e+06, 1.3894727851e+01
43.1, 2.3774367861e+06, -9.1592113165e+05, 2.6705611138e+00, -7.4404326276e+05, -5.6666983229e+06, 1.3832615648e+01
43.2, 2.1720798168e+06, -1.4668533225e+06, 4.0409372212e+00, -2.0535696934e+06, -5.5093219088e+06, 1.3703761074e+01
43.3, 1.8390709066e+06, -1.9717894978e+06, 5.3918158064e+00, -3.3300891019e+06, -5.0493617523e+06, 1.3508785853e+01
43.4, 1.3887015149e+06, -2.4011564905e+06, 6.7166788805e+00, -4.5036939170e+06, -4.2936699269e+06, 1.3248630740e+01
43.5, 8.3811340525e+05, -2.7276812583e+06, 8.0091339789e+00, -5.5058810960e+06, -3.2652476781e+06, 1.2924550984e+01
43.6, 2.1078517987e+05, -2.9279774706e+06, 9.2629450059e+00, -6.2732822538e+06, -2.0029621236e+06, 1.2538110270e+01
43.7, -4.6434860448e+05, -2.9840176179e+06, 1.0472062323e+01, -6.7513378435e+06, -5.6040147266e+05, 1.2091173173e+01
43.8, -1.1541202497e+06, -2.8844055680e+06, 1.1630651940e+01, -6.8977164522e+06, 9.9612049937e+05, 1.1585896166e+01
43.9, -1.8226484747e+06, -2.6253701624e+06, 1.2733123661e+01, -6.6852822502e+06, 2.5903540558e+06, 1.1024717210e+01
44, -2.4330910958e+06, -2.2114106703e+06, 1.3774158060e+01, -6.1044262105e+06, 4.1395949207e+06, 1.0410343993e+01
44.1, -2.9495510804e+06, -1.6555394254e+06, 1.4748732147e+01, -5.1645998461e+06, 5.5587124494e+06, 9.7457408670e+00
44.2, -3.3390434088e+06, -9.7908523498e+05, 1.5652143601e+01, -3.8949232844e+06, 6.7645419038e+06, 9.0341145409e+00
44.3, -3.5734215405e+06, -2.1104242037e+05, 1.6480033462e+01, -2.3437813167e+06, 7.6804281461e+06, 8.2788986122e+00
44.4, -3.6311585330e+06, 6.1302633937e+05, 1.7228407162e+01, -5.7736992556e+05, 8.2406875974e+06, 7.4837369976e+00
44.5, -3.4988794829e+06, 1.4525009464e+06, 1.7893653797e+01, 1.3227905018e+06, 8.3947460702e+06, 6.6524663521e+00
44.6, -3.1725491739e+06, 2.2635722670e+06, 1.8472563553e+01, 3.2633030892e+06, 8.1107132057e+06, 5.7890975564e+00
44.7, -2.6582315803e+06, 3.0013892973e+06, 1.8962343189e+01, 5.1431759363e+06, 7.3781703034e+06, 4.8977963649e+00
44.8, -1.9723558081e+06, 3.6223870179e+06, 1.9360629520e+01, 6.8587577221e+06, 6.2099772056e+06, 3.9828633061e+00
44.9, -1.1414455345e+06, 4.0866814988e+06, 1.9665500813e+01, 8.3091027362e+06, 4.6429448091e+06, 3.0487129317e+00
45, -2.0129506881e+05, 4.3604086231e+06, 1.9875486065e+01, 9.4015046566e+06, 2.7372712429e+06, 2.0998525175e+00
45.1, 8.0439635152e+05, 4.4178785877e+06, 1.9989572096e+01, 1.0056914203e+07, 5.7469964666e+05, 1.1408603149e+00
45.2, 1.8258908886e+06, 4.2434206996e+06, 2.0007208442e+01, 1.0214945371e+07, -1.7445788811e+06, 1.7636346122e-01
45.3, 2.8097088526e+06, 3.8328021597e+06, 1.9928310008e+01, 9.8381796400e+06, -4.1061853995e+06, -7.8898434612e-01
45.4, 3.7012586521e+06, 3.1941204351e+06, 1.9753257477e+01, 8.9154979944e+06, -6.3868172453e+06, -1.7505253040e+00
45.5, 4.4476793141e+06, 2.3480910000e+06, 1.9482895480e+01, 7.4642066203e+06, -8.4602943513e+06, -2.7036199773e+00
45.6, 5.0007565863e+06, 1.3276798631e+06, 1.9118528511e+01, 5.5307727222e+06, -1.0204111369e+07, -3.6436696842e+00
45.7, 5.3197616099e+06, 1.7706224873e+05, 1.8661914643e+01, 3.1900502358e+06, -1.1506176144e+07, -4.5661386848e+00
45.8, 5.3740564712e+06, -1.0500764063e+06, 1.8115257036e+01, 5.4294861324e+05, -1.2271386550e+07, -5.4665760664e+00
45.9, 5.1453142762e+06, -2.2928450045e+06, 1.7481193314e+01, -2.2874219501e+06, -1.2427685983e+07, -6.3406372184e+00
46, 4.6292130366e+06, -3.4859694684e+06, 1.6762782835e+01, -5.1610123958e+06, -1.1931244639e+07, -7.1841047958e+00
46.1, 3.8364824758e+06, -4.5630134333e+06, 1.5963491928e+01, -7.9273056087e+06, -1.0770439649e+07, -7.9929090675e+00
46.2, 2.7932102727e+06, -5.4598486407e+06, 1.5087177173e+01, -1.0432722031e+07, -8.9683520744e+06, -8.7631475531e+00
46.3, 1.5403482534e+06, -6.1182047696e+06, 1.4138066787e+01, -1.2528620193e+07, -6.5835612884e+06, -9.4911038517e+00
46.4, 1.3239817558e+05, -6.4891142864e+06, 1.3120740230e+01, -1.4079500779e+07, -3.7090951681e+06, -1.0173265574e+01
46.5, -1.3647007407e+06, -6.5360627329e+06, 1.2040106101e+01, -1.4970989163e+07, -4.6948446491e+05, -1.0806341290e+01
46.6, -2.8764165797e+06, -6.2376595010e+06, 1.0901378460e+01, -1.5117158390e+07, 2.9840323190e+06, -1.1387276410e+01
46.7, -4.3230929933e+06, -5.5896588991e+06, 9.7100516681e+00, -1.4466764136e+07, 6.4800060191e+06, -1.1913267920e+01
46.8, -5.6238926091e+06, -4.6061859897e+06, 8.4718738767e+00, -1.3007996158e+07, 9.8347290938e+06, -1.2381777913e+01
46.9, -6.7010332778e+06, -3.3200555448e+06, 7.1928192939e+00, -1.0771406687e+07, 1.2861304449e+07, -1.2790545828e+01
47, -7.4841086268e+06, -1.7821142516e+06, 5.8790593581e+00, -7.8307534905e+06, 1.5379412933e+07, -1.3137599359e+01
47.1, -7.9142677402e+06, -5.9584245532e+04, 4.5369329608e+00, -4.3015911340e+06, 1.7225300060e+07, -1.3421263973e+01
47.2, -7.9480231539e+06, 1.7665620437e+06, 3.1729158620e+00, -3.3755413684e+05, 1.8261462893e+07, -1.3640170988e+01
47.3, -7.5604626938e+06, 3.6051124132e+06, 1.7935894441e+00, 3.8756046008e+06, 1.8385503695e+07, -1.3793264179e+01
47.4, -6.7476593433e+06, 5.3588754411e+06, 4.0560895720e-01, 8.1280335058e+06, 1.7537630279e+07, -1.3879804869e+01
47.5, -5.5281040350e+06, 6.9295079080e+06, -9.8432859294e-01, 1.2195553083e+07, 1.5706324669e+07, -1.3899375501e+01
47.6, -3.9430280893e+06, 8.2226850480e+06, -2.3695167576e+00, 1.5850759457e+07, 1.2931771400e+07, -1.3851881647e+01
47.7, -2.0555333810e+06, 9.1533582705e+06, -3.7432720039e+00, 1.8874947083e+07, 9.3067322248e+06, -1.3737552463e+01
47.8, 5.1492962821e+04, 9.6508254454e+06, -5.0989659628e+00, 2.1070263438e+07, 4.9746717494e+06, -1.3556939589e+01
47.9, 2.2786391525e+06, 9.6633327973e+06, -6.4300574110e+00, 2.2271461897e+07, 1.2507351921e+05, -1.3310914481e+01
48, 4.5142994967e+06, 9.1619360151e+06, -7.7301238321e+00, 2.2356603443e+07, -5.0139678224e+06, -1.3000664211e+01
48.1, 6.6399070965e+06, 8.1433717530e+06, -8.9928924057e+00, 2.1256075998e+07, -1.0185642621e+07, -1.2627685736e+01
48.2, 8.5358423888e+06, 6.6317288928e+06, -1.0212270274e+01, 1.8959352922e+07, -1.5116428602e+07, -1.2193778678e+01
48.3, 1.0087742281e+07, 4.6787605744e+06, -1.1382373937e+01, 1.5518998919e+07, -1.9529683184e+07, -1.1701036637e+01
48.4, 1.1192897231e+07, 2.3627411207e+06, -1.2497557647e+01, 1.1051549507e+07, -2.3160194536e+07, -1.1151837095e+01
48.5, 1.1766400723e+07, -2.1415611526e+05, -1.3552440640e+01, 5.7350349172e+06, -2.5768972360e+07, -1.0548829938e+01
48.6, 1.1746709184e+07, -2.9299065806e+06, -1.4541933108e+01, -1.9691538998e+05, -2.7157504654e+07, -9.8949246772e+00
48.7, 1.1100281885e+07, -5.6479755876e+06, -1.5461260749e+01, -6.4642729894e+06, -2.7180690070e+07, -9.1932764048e+00
48.8, 9.8250000577e+06, -8.2237435776e+06, -1.6305987806e+01, -1.2752818275e+07, -2.5757679899e+07, -8.4472705736e+00
48.9, 7.9521119594e+06, -1.0511736615e+07, -1.7072038472e+01, -1.8728880983e+07, -2.2879930379e+07, -7.6605066620e+00
49, 5.5465143474e+06, -1.2373324000e+07, -1.7755716553e+01, -2.4055976120e+07, -1.8615873844e+07, -6.8367808057e+00
49.1, 2.7052583638e+06, -1.3684500276e+07, -1.8353723301e+01, -2.8412559836e+07, -1.3111762762e+07, -5.9800674820e+00
49.2, -4.4574413003e+05, -1.4343342133e+07, -1.8863173334e+01, -3.1510024938e+07, -6.5884185717e+06, -5.0945003328e+00
49.3, -3.7567432944e+06, -1.4276724099e+07, -1.9281608556e+01, -3.3109991643e+07, 6.6618034035e+05, -4.1843522194e+00
49.4, -7.0607364568e+06, -1.3445892159e+07, -1.9607010017e+01, -3.3039931624e+07, 8.3083194046e+06, -3.2540146065e+00
49.5, -1.0181356065e+07, -1.1850531870e+07, -1.9837807654e+01, -3.1206196083e+07, 1.5953602892e+07, -2.3079763732e+00
49.6, -1.2941716331e+07, -9.5310265356e+06, -1.9972887870e+01, -2.7603602659e+07, 2.3195053340e+07, -1.3508021539e+00
49.7, -1.5173803324e+07, -6.5686796372e+06, -2.0011598901e+01, -2.2320869928e+07, 2.9623468983e+07, -3.8711031421e-01
49.8, -1.6727940121e+07, -3.0837709673e+06, -1.9953753968e+01, -1.5541367977e+07, 3.4849086699e+07, 5.7844933277e-01
49.9, -1.7481827314e+07, 7.6857632129e+05, -1.9799632172e+01, -7.5388719209e+06, 3.8523472886e+07, 1.5412179617e+00
50, -1.7348652630e+07, 4.8046252967e+06, -1.9549977150e+01, 1.3317468345e+06, 4.0360489754e+07, 2.4965502140e+00
