t, x, y, z, vx, vy, vz0, 2.0000000000e+01, 0.0000000000e+00, 2.0000000000e+01, 0.0000000000e+00, 2.5000000000e+01, 0.0000000000e+00
0.1, 2.0324188589e+01, 2.4748222116e+00, 1.9951769401e+01, 6.4547150533e+00, 2.4248018924e+01, -9.6422397917e-01
0.2, 2.1279449092e+01, 4.8005832882e+00, 1.9807310252e+01, 1.2565377586e+01, 2.2032009484e+01, -1.9237974483e+00
0.3, 2.2814860666e+01, 6.8361321117e+00, 1.9567319291e+01, 1.8006188122e+01, 1.8469477119e+01, -2.8740923285e+00
0.4, 2.4848561424e+01, 8.4557062345e+00, 1.9232954006e+01, 2.2486857865e+01, 1.3749327211e+01, -3.8105252921e+00
0.5, 2.7272088132e+01, 9.5556006047e+00, 1.8805827061e+01, 2.5767997358e+01, 8.1218508461e+00, -4.7285798682e+00
0.6, 2.9956126100e+01, 1.0059666991e+01, 1.8287998515e+01, 2.7673806883e+01, 1.8854564700e+00, -5.6238282262e+00
0.7, 3.2757364427e+01, 9.9233525776e+00, 1.7681965886e+01, 2.8101395867e+01, -4.6291491790e+00, -6.4919525308e+00
0.8, 3.5526093213e+01, 9.1360636398e+00, 1.6990652103e+01, 2.7026237277e+01, -1.1076492280e+01, -7.3287657680e+00
0.9, 3.8114139990e+01, 7.7217290080e+00, 1.6217391414e+01, 2.4503467864e+01, -1.7114645923e+01, -8.1302319386e+00
1, 4.0382724660e+01, 5.7375334476e+00, 1.5365913301e+01, 2.0664965346e+01, -2.2423356039e+01, -8.8924855246e+00
1.1, 4.2209816534e+01, 3.2708881067e+00, 1.4440324492e+01, 1.5712357462e+01, -2.6721018395e+01, -9.6118501326e+00
1.2, 4.3496603472e+01, 4.3479863483e-01, 1.3445089156e+01, 9.9063335238e+00, -2.9779606686e+01, -1.0284856225e+01
1.3, 4.4172730189e+01, -2.6381234843e+00, 1.2385007372e+01, 3.5528250674e+00, -3.1436760370e+01, -1.0908257854e+01
1.4, 4.4200028042e+01, -5.8026889162e+00, 1.1265191976e+01, -3.0132118071e+00, -3.1604391470e+01, -1.1479048318e+01
1.5, 4.3574538578e+01, -8.9088252132e+00, 1.0091043903e+01, -9.4455526862e+00, -3.0273354082e+01, -1.1994474661e+01
1.6, 4.2326723581e+01, -1.1809530397e+01, 8.8682261378e+00, -1.5405058402e+01, -2.7513929080e+01, -1.2452050951e+01
1.7, 4.0519850480e+01, -1.4368663762e+01, 7.6026364020e+00, -2.0577652959e+01, -2.3472098308e+01, -1.2849570271e+01
1.8, 3.8246638721e+01, -1.6468160890e+01, 6.3003787089e+00, -2.4690972793e+01, -1.8361805803e+01, -1.3185115364e+01
1.9, 3.5624344882e+01, -1.8014290419e+01, 4.9677339234e+00, -2.7528804778e+01, -1.2453616272e+01, -1.3457067874e+01
2, 3.2788547073e+01, -1.8942620874e+01, 3.6111294693e+00, -2.8942547604e+01, -6.0603720860e+00, -1.3664116160e+01
2.1, 2.9885958131e+01, -1.9221434274e+01, 2.2371083290e+00, -2.8859088957e+01, 4.7939089644e-01, -1.3805261616e+01
2.2, 2.7066648581e+01, -1.8853405554e+01, 8.5229748673e-01, -2.7284680922e+01, 6.8193894955e+00, -1.3879823488e+01
2.3, 2.4476091639e+01, -1.7875458791e+01, -5.3662403391e-01, -2.4304608196e+01, 1.2623950038e+01, -1.3887442162e+01
2.4, 2.2247451966e+01, -1.6356807836e+01, -1.9229573833e+00, -2.0078666679e+01, 1.7585802723e+01, -1.3828080891e+01
2.5, 2.0494526936e+01, -1.4395285251e+01, -3.3000161949e+00, -1.4832692172e+01, 2.1442370224e+01, -1.3702025978e+01
2.6, 1.9305714633e+01, -1.2112154140e+01, -4.6611588334e+00, -8.8465882292e+00, 2.3989687059e+01, -1.3509885394e+01
2.7, 1.8739328314e+01, -9.6456779243e+00, -5.9998204287e+00, -2.4394878580e+00, 2.5093211858e+01, -1.3252585845e+01
2.8, 1.8820505739e+01, -7.1437889230e+00, -7.3095445376e+00, 4.0471643574e+00, 2.4694959345e+01, -1.2931368301e+01
2.9, 1.9539877193e+01, -4.7562444024e+00, -8.5840142844e+00, 1.0267712851e+01, 2.2816573987e+01, -1.2547782012e+01
3, 2.0854062810e+01, -2.6266859009e+00, -9.8170828271e+00, 1.5890614862e+01, 1.9558182376e+01, -1.2103677039e+01
3.1, 2.2687972829e+01, -8.8502277936e-01, -1.1002803004e+01, 2.0616016049e+01, 1.5093085183e+01, -1.1601195326e+01
3.2, 2.4938788849e+01, 3.5945624947e-01, -1.2135456018e+01, 2.4191646228e+01, 9.6585700833e+00, -1.1042760371e+01
3.3, 2.7481415013e+01, 1.0238784469e+00, -1.3209579017e+01, 2.6426192588e+01, 3.5433326769e+00, -1.0431065539e+01
3.4, 3.0175110154e+01, 1.0561820161e+00, -1.4219991444e+01, 2.7199441459e+01, -2.9278277543e+00, -9.7690610695e+00
3.5, 3.2870949324e+01, 4.3787773207e-01, -1.5161820020e+01, 2.6468651018e+01, -9.4112263602e+00, -9.0599398492e+00
3.6, 3.5419719159e+01, -8.1496916043e-01, -1.6030522251e+01, 2.4270817110e+01, -1.5562511944e+01, -8.3071220111e+00
3.7, 3.7679828529e+01, -2.6525888284e+00, -1.6821908336e+01, 2.0720712078e+01, -2.1054921474e+01, -7.5142384397e+00
3.8, 3.9524815136e+01, -4.9941434551e+00, -1.7532161374e+01, 1.6004800591e+01, -2.5596602188e+01, -6.6851132589e+00
3.9, 4.0850050115e+01, -7.7320107948e+00, -1.8157855773e+01, 1.0371354977e+01, -2.8946083033e+01, -5.8237453877e+00
4, 4.1578285224e+01, -1.0737487599e+01, -1.8695973772e+01, 4.1172941011e+00, -3.0925075291e+01, -4.9342892538e+00
4.1, 4.1663748568e+01, -1.3867610563e+01, -1.9143919997e+01, -2.4275565511e+00, -3.1427923800e+01, -4.0210347561e+00
4.2, 4.1094571736e+01, -1.6972733213e+01, -1.9499533978e+01, -8.9179491646e+00, -3.0427207789e+01, -3.0883865745e+00
4.3, 3.9893419688e+01, -1.9904457063e+01, -1.9761100567e+01, -1.5011515410e+01, -2.7975194400e+01, -2.1408429255e+00
4.4, 3.8116290014e+01, -2.2523496608e+01, -1.9927358213e+01, -2.0386915574e+01, -2.4201067871e+01, -1.1829738675e+00
4.5, 3.5849545202e+01, -2.4707061222e+01, -1.9997505048e+01, -2.4760872906e+01, -1.9304081263e+01, -2.1939925906e-01
4.6, 3.3205335269e+01, -2.6355362636e+01, -1.9971202747e+01, -2.7903190168e+01, -1.3542993779e+01, 7.4523352335e-01
4.7, 3.0315653382e+01, -2.7396903029e+01, -1.9848578170e+01, -2.9648952350e+01, -7.2223536238e+00, 1.7062719995e+00
4.8, 2.7325339612e+01, -2.7792263415e+01, -1.9630222742e+01, -2.9907268679e+01, -6.7635356137e-01, 2.6590810246e+00
4.9, 2.4384403681e+01, -2.7536191492e+01, -1.9317189603e+01, -2.8666090508e+01, 5.7488849761e+00, 3.5990651452e+00
5, 2.1640073708e+01, -2.6657878288e+01, -1.8910988532e+01, -2.5992849680e+01, 1.1713660096e+01, 4.5216907630e+00
5.1, 1.9228992430e+01, -2.5219408929e+01, -1.8413578659e+01, -2.2030883551e+01, 1.6902697303e+01, 5.4225080008e+00
5.2, 1.7269974615e+01, -2.3312469674e+01, -1.7827359022e+01, -1.6991836180e+01, 2.1041862400e+01, 6.2971721645e+00
5.3, 1.5857709576e+01, -2.1053485782e+01, -1.7155156993e+01, -1.1144438529e+01, 2.3912693452e+01, 7.1414646978e+00
5.4, 1.5057742638e+01, -1.8577447946e+01, -1.6400214640e+01, -4.8002624391e+00, 2.5363981476e+01, 7.9513135285e+00
5.5, 1.4903001588e+01, -1.6030754587e+01, -1.5566173096e+01, 1.7027963944e+00, 2.5319785948e+01, 8.7228127086e+00
5.6, 1.5392052242e+01, -1.3563449433e+01, -1.4657054992e+01, 8.0184308779e+00, 2.3783460231e+01, 9.4522412525e+00
5.7, 1.6489175596e+01, -1.1321265884e+01, -1.3677245057e+01, 1.3810280828e+01, 2.0837473531e+01, 1.0136081084e+01
5.8, 1.8126262469e+01, -9.4378998987e+00, -1.2631468972e+01, 1.8769763947e+01, 1.6639038839e+01, 1.0771034003e+01
5.9, 2.0206425205e+01, -8.0279210285e+00, -1.1524770577e+01, 2.2632434221e+01, 1.1411778629e+01, 1.1354037595e+01
6, 2.2609134958e+01, -7.1806973895e+00, -1.0362487541e+01, 2.5192000575e+01, 5.4338701260e+00, 1.1882280001e+01
6.1, 2.5196612226e+01, -6.9556566132e+00, -9.1502256251e+00, 2.6311262630e+01, -9.7670140368e-01, 1.2353213475e+01
6.2, 2.7821131871e+01, -7.3791339983e+00, -7.8938316385e+00, 2.5929383876e+01, -7.4789996048e+00, 1.2764566678e+01
6.3, 3.0332855367e+01, -8.4429749416e+00, -6.5993652430e+00, 2.4065116683e+01, -1.3727210614e+01, 1.3114355631e+01
6.4, 3.2587775077e+01, -1.0104965732e+01, -5.2730697256e+00, 2.0815808215e+01, -1.9388975167e+01, 1.3400893280e+01
6.5, 3.4455349437e+01, -1.2291069866e+01, -3.9213418870e+00, 1.6352239952e+01, -2.4163007427e+01, 1.3622797638e+01
6.6, 3.5825424277e+01, -1.4899351334e+01, -2.5507011897e+00, 1.0909574376e+01, -2.7795066538e+01, 1.3778998447e+01
6.7, 3.6614073397e+01, -1.7805376894e+01, -1.1677583138e+00, 4.7748887800e+00, -3.0091434244e+01, 1.3868742342e+01
6.8, 3.6768048763e+01, -2.0868810948e+01, 2.2081672652e-01, -1.7280429680e+00, -3.0929184111e+01, 1.3891596482e+01
6.9, 3.6267604436e+01, -2.3940853423e+01, 1.6083267527e+00, -8.2559139566e+00, -3.0262697977e+01, 1.3847450642e+01
7, 3.5127544516e+01, -2.6872126356e+01, 2.9880797229e+00, -1.4464083193e+01, -2.8126084189e+01, 1.3736517738e+01
7.1, 3.3396439578e+01, -2.9520591117e+01, 4.3534210079e+00, -2.0024845250e+01, -2.4631369452e+01, 1.3559332808e+01
7.2, 3.1154053111e+01, -3.1759076554e+01, 5.6977654872e+00, -2.4644802109e+01, -1.9962560146e+01, 1.3316750424e+01
7.3, 2.8507114420e+01, -3.3482019004e+01, 7.0146293086e+00, -2.8080416283e+01, -1.4365887925e+01, 1.3009940576e+01
7.4, 2.5583662056e+01, -3.4611056861e+01, 8.2976611614e+00, -3.0150920761e+01, -8.1367567204e+00, 1.2640383025e+01
7.5, 2.2526257649e+01, -3.5099183134e+01, 9.5406729078e+00, -3.0747901383e+01, -1.6040830892e+00, 1.2209860169e+01
7.6, 1.9484429890e+01, -3.4933235876e+01, 1.0737669430e+01, -2.9841043699e+01, 4.8871399456e+00, 1.1720448446e+01
7.7, 1.6606749198e+01, -3.4134594446e+01, 1.1882877543e+01, -2.7479739664e+01, 1.0994131244e+01, 1.1174508316e+01
7.8, 1.4032953234e+01, -3.2758044726e+01, 1.2970773843e+01, -2.3790469004e+01, 1.6394492607e+01, 1.0574672881e+01
7.9, 1.1886540670e+01, -3.0888873425e+01, 1.3996111341e+01, -1.8970094084e+01, 2.0803299272e+01, 9.9238351817e+00
8, 1.0268225833e+01, -2.8638345532e+01, 1.4953944775e+01, -1.3275423732e+01, 2.3988203862e+01, 9.2251342472e+00
8.1, 9.2506012086e+00, -2.6137804647e+01, 1.5839654460e+01, -7.0095992504e+00, 2.5781753118e+01, 8.4819399527e+00
8.2, 8.8742907289e+00, -2.3531708956e+01, 1.6648968564e+01, -5.0602433320e-01, 2.6090264497e+01, 7.6978367677e+00
8.3, 9.1457977789e+00, -2.0969972013e+01, 1.7377983720e+01, 5.8893092354e+00, 2.4898792077e+01, 6.8766064677e+00
8.4, 1.0037161984e+01, -1.8600014365e+01, 1.8023183844e+01, 1.1836163146e+01, 2.2271918544e+01, 6.0222098945e+00
8.5, 1.1487442976e+01, -1.6558947356e+01, 1.8581457099e+01, 1.7018089094e+01, 1.8350331269e+01, 5.1387678526e+00
8.6, 1.3405952471e+01, -1.4966303473e+01, 1.9050110901e+01, 2.1159204133e+01, 1.3343363999e+01, 4.2305412348e+00
8.7, 1.5677063330e+01, -1.3917698594e+01, 1.9426884905e+01, 2.4038815583e+01, 7.5178995471e+00, 3.3019104709e+00
8.8, 1.8166340653e+01, -1.3479762113e+01, 1.9709961908e+01, 2.5503120201e+01, 1.1842217583e+00, 2.3573544016e+00
8.9, 2.0727669896e+01, -1.3686603694e+01, 1.9897976614e+01, 2.5473357451e+01, -5.3204332294e+00, 1.4014286757e+00
9, 2.3211004135e+01, -1.4538003956e+01, 1.9990022216e+01, 2.3949984655e+01, -1.1649754463e+01, 4.3874377905e-01
9.1, 2.5470319786e+01, -1.5999425004e+01, 1.9985654774e+01, 2.1012652705e+01, -1.7466714682e+01, -5.2605720298e-01
9.2, 2.7371359040e+01, -1.8003840229e+01, 1.9884895352e+01, 1.6815983641e+01, -2.2461436652e+01, -1.4883209789e+00
9.3, 2.8798748580e+01, -2.0455286391e+01, 1.9688229919e+01, 1.1581373926e+01, -2.6367620203e+01, -2.4434064943e+00
9.4, 2.9662117199e+01, -2.3233949673e+01, 1.9396607004e+01, 5.5852579545e+00, -2.8976659177e+01, -3.3867073161e+00
9.5, 2.9900888035e+01, -2.6202516081e+01, 1.9011433120e+01, -8.5554603606e-01, -3.0148699917e+01, -4.3136738493e+00
9.6, 2.9487491374e+01, -2.9213449558e+01, 1.8534565986e+01, -7.4006308229e+00, -2.9820055087e+01, -5.2198352801e+00
9.7, 2.8428827711e+01, -3.2116811979e+01, 1.7968305558e+01, -1.3704045496e+01, -2.8006579823e+01, -6.1008211393e+00
9.8, 2.6765903521e+01, -3.4768210485e+01, 1.7315382945e+01, -1.9432634597e+01, -2.4802831237e+01, -6.9523823804e+00
9.9, 2.4571659033e+01, -3.7036450854e+01, 1.6578947229e+01, -2.4283698927e+01, -2.0377055853e+01, -7.7704118741e+00
10, 2.1947103193e+01, -3.8810491204e+01, 1.5762550284e+01, -2.8001041788e+01, -1.4962270692e+01, -8.5509642163e+00
10.1, 1.9015960680e+01, -4.0005327395e+01, 1.4870129640e+01, -3.0388550057e+01, -8.8439108208e+00, -9.2902747577e+00
10.2, 1.5918114757e+01, -4.0566498153e+01, 1.3905989494e+01, -3.1320590126e+01, -2.3446981928e+00, -9.9847777602e+00
10.3, 1.2802193574e+01, -4.0472971086e+01, 1.2874779950e+01, -3.0748667633e+01, 4.1924660996e+00, -1.0631123596e+01
10.4, 9.8176929036e+00, -3.9738256613e+01, 1.1781474592e+01, -2.8703997938e+01, 1.0422679255e+01, -1.1226194900e+01
10.5, 7.1070529212e+00, -3.8409690758e+01, 1.0631346496e+01, -2.5295851104e+01, 1.6017320264e+01, -1.1767121610e+01
10.6, 4.7981090325e+00, -3.6565924823e+01, 9.4299427971e+00, -2.0705759105e+01, 2.0681470262e+01, -1.2251294805e+01
10.7, 2.9973169408e+00, -3.4312755035e+01, 8.1830579352e+00, -1.5177892379e+01, 2.4169546245e+01, -1.2676379289e+01
10.8, 1.7841110995e+00, -3.1777513233e+01, 6.8967057090e+00, -9.0061158525e+00, 2.6298319419e+01, -1.3040324854e+01
10.9, 1.2066956125e+00, -2.9102315962e+01, 5.5770902705e+00, -2.5184106507e+00, 2.6956628040e+01, -1.3341376171e+01
11, 1.2794907070e+00, -2.6436529840e+01, 4.2305762020e+00, 3.9405127081e+00, 2.6111269893e+01, -1.3578081251e+01
11.1, 1.9823701408e+00, -2.3928852632e+01, 2.8636578197e+00, 1.0027487917e+01, 2.3808762025e+01, -1.3749298452e+01
11.2, 3.2617299666e+00, -2.1719429809e+01, 1.4829278505e+00, 1.5419084585e+01, 2.0172874478e+01, -1.3854201984e+01
11.3, 5.0333319924e+00, -1.9932424513e+01, 9.5045635943e-02, 1.9828753684e+01, 1.5398068750e+01, -1.3892285890e+01
11.4, 7.1867711990e+00, -1.8669434796e+01, -1.2932949871e+00, 2.3022017828e+01, 9.7391888465e+00, -1.3863366490e+01
11.5, 9.5913302888e+00, -1.8004107089e+01, -2.6753979708e+00, 2.4828901151e+01, 3.4979514005e+00, -1.3767583264e+01
11.6, 1.2102911006e+01, -1.7978231455e+01, -4.0445973517e+00, 2.5152939857e+01, -2.9930489442e+00, -1.3605398181e+01
11.7, 1.4571674791e+01, -1.8599525599e+01, -5.3942894013e+00, 2.3976295792e+01, -9.3879709968e+00, -1.3377593468e+01
11.8, 1.6849987722e+01, -1.9841225126e+01, -6.7179644760e+00, 2.1360701977e+01, -1.5346060661e+01, -1.3085267841e+01
11.9, 1.8800248582e+01, -2.1643501746e+01, -8.0092384137e+00, 1.7444189970e+01, -2.0549714867e+01, -1.2729831203e+01
12, 2.0302185068e+01, -2.3916634251e+01, -9.2618833249e+00, 1.2433772580e+01, -2.4721318205e+01, -1.2312997847e+01
12.1, 2.1259231369e+01, -2.6545764164e+01, -1.0469857630e+01, 6.5944698023e+00, -2.7637959732e+01, -1.1836778184e+01
12.2, 2.1603649030e+01, -2.9396983945e+01, -1.1627335199e+01, 2.3525976850e-01, -2.9143249809e+01, -1.1303469049e+01
12.3, 2.1300119636e+01, -3.2324435022e+01, -1.2728733449e+01, -6.3073005601e+00, -2.9155610544e+01, -1.0715642624e+01
12.4, 2.0347618886e+01, -3.5178039363e+01, -1.3768740273e+01, -1.2686916643e+01, -2.7672600364e+01, -1.0076134030e+01
12.5, 1.8779472684e+01, -3.7811454724e+01, -1.4742339657e+01, -1.8565913779e+01, -2.4771043475e+01, -9.3880276539e+00
12.6, 1.6661592302e+01, -4.0089831872e+01, -1.5644835874e+01, -2.3633137540e+01, -2.0602957362e+01, -8.6546422735e+00
12.7, 1.4088982171e+01, -4.1896962545e+01, -1.6471876134e+01, -2.7620448301e+01, -1.5387494208e+01, -7.8795150492e+00
12.8, 1.1180705411e+01, -4.3141439241e+01, -1.7219471571e+01, -3.0316935476e+01, -9.3993234576e+00, -7.0663844650e+00
12.9, 8.0735740092e+00, -4.3761500302e+01, -1.7884016491e+01, -3.1580097951e+01, -2.9540713666e+00, -6.2191722972e+00
13, 4.9148981250e+00, -4.3728303444e+01, -1.8462305754e+01, -3.1343398036e+01, 3.6084105811e+00, -5.3419646996e+00
13.1, 1.8546788973e+00, -4.3047454210e+01, -1.8951550237e+01, -2.9619788495e+01, 9.9420614269e+00, -4.4389924957e+00
13.2, -9.6234138130e-01, -4.1758708322e+01, -1.9349390286e+01, -2.6501025699e+01, 1.5712955624e+01, -3.5146107732e+00
13.3, -3.4043502912e+00, -3.9933863717e+01, -1.9653907095e+01, -2.2152805311e+01, 2.0617004576e+01, -2.5732778792e+00
13.4, -5.3594508655e+00, -3.7672954006e+01, -1.9863631963e+01, -1.6805978382e+01, 2.4396076443e+01, -1.6195339171e+00
13.5, -6.7415914119e+00, -3.5098945172e+01, -1.9977553373e+01, -1.0744313513e+01, 2.6851679702e+01, -6.5797884996e-01
13.6, -7.4951252308e+00, -3.2351216612e+01, -1.9995121877e+01, -4.2894538155e+00, 2.7855485077e+01, 3.0674968613e-01
13.7, -7.5977585195e+00, -2.9578172130e+01, -1.9916252740e+01, 2.2161338496e+00, 2.7356128064e+01, 1.2699987491e+00
13.8, -7.0617301926e+00, -2.6929372570e+01, -1.9741326354e+01, 8.4273134989e+00, 2.5381931462e+01, 2.2271225324e+00
13.9, -5.9331610791e+00, -2.4547607147e+01, -1.9471186398e+01, 1.4014576097e+01, 2.2039403580e+01, 3.1735047722e+00
14, -4.2896070013e+00, -2.2561323787e+01, -1.9107135774e+01, 1.8681507192e+01, 1.7507591751e+01, 4.1045810117e+00
14.1, -2.2359454513e+00, -2.1077819755e+01, -1.8650930319e+01, 2.2180500124e+01, 1.2028590478e+01, 5.0158606159e+00
14.2, 1.0118607695e-01, -2.0177553530e+01, -1.8104770339e+01, 2.4325881854e+01, 5.8947074054e+00, 5.9029484301e+00
14.3, 2.5801052687e+00, -1.9909879471e+01, -1.7471289995e+01, 2.5003755583e+01, -5.6703253750e-01, 6.7615659779e+00
14.4, 5.0515976998e+00, -2.0290431373e+01, -1.6753544600e+01, 2.4178038421e+01, -7.0122233686e+00, 7.5875720968e+00
14.5, 7.3668288198e+00, -2.1300293620e+01, -1.5954995883e+01, 2.1892374032e+01, -1.3097335631e+01, 8.3769829113e+00
14.6, 9.3852357821e+00, -2.2887003847e+01, -1.5079495290e+01, 1.8267818885e+01, -1.8497927472e+01, 9.1259910468e+00
14.7, 1.0981980767e+01, -2.4967333991e+01, -1.4131265412e+01, 1.3496424768e+01, -2.2925843826e+01, 9.8309839934e+00
14.8, 1.2054570691e+01, -2.7431702263e+01, -1.3114879618e+01, 7.8310577718e+00, -2.6144491962e+01, 1.0488561529e+01
14.9, 1.2528292379e+01, -3.0149982181e+01, -1.2035239994e+01, 1.5719934613e+00, -2.7981383622e+01, 1.1095552119e+01
15, 1.2360175091e+01, -3.2978400702e+01, -1.0897553708e+01, -4.9490011553e+00, -2.8337278883e+01, 1.1649028213e+01
15.1, 1.1541270329e+01, -3.5767159787e+01, -9.7073078852e+00, -1.1386255025e+01, -2.7191447029e+01, 1.2146320362e+01
15.2, 1.0097128091e+01, -3.8368377354e+01, -8.4702431517e+00, -1.7398517480e+01, -2.4602765547e+01, 1.2585030098e+01
15.3, 8.0864443201e+00, -4.0643926672e+01, -7.1923259428e+00, -2.2667048306e+01, -2.0706599005e+01, 1.2963041499e+01
15.4, 5.5979512451e+00, -4.2472758619e+01, -5.8797197280e+00, -2.6912514465e+01, -1.5707623274e+01, 1.3278531392e+01
15.5, 2.7457154812e+00, -4.3757318636e+01, -4.5387552836e+00, -2.9909797773e+01, -9.8689754908e+00, 1.3529978154e+01
15.6, -3.3690687043e-01, -4.4428718224e+01, -3.1759001596e+00, -3.1499928556e+01, -3.4983049527e+00, 1.3716169040e+01
15.7, -3.5043376664e+00, -4.4450386821e+01, -1.7977274858e+00, -3.1598512683e+01, 3.0685356017e+00, 1.3836206041e+01
15.8, -6.6064920553e+00, -4.3820010493e+01, -4.1088426948e-01, -3.0200205241e+01, 9.4852937707e+00, 1.3889510213e+01
15.9, -9.4967327021e+00, -4.2569654650e+01, 9.7794066347e-01, -2.7378993728e+01, 1.5413672530e+01, 1.3875824466e+01
16, -1.2039641242e+01, -4.0764064303e+01, 2.3620489293e+00, -2.3284275745e+01, 2.0541263511e+01, 1.3795214808e+01
16.1, -1.4118194987e+01, -3.8497231956e+01, 3.7347648931e+00, -1.8132939121e+01, 2.4598107857e+01, 1.3648070023e+01
16.2, -1.5639968449e+01, -3.5887415090e+01, 5.0894678657e+00, -1.2197864334e+01, 2.7371006745e+01, 1.3435099800e+01
16.3, -1.6542030922e+01, -3.3070867363e+01, 6.4196240354e+00, -5.7934587157e+00, 2.8714822974e+01, 1.3157331306e+01
16.4, -1.6794280510e+01, -3.0194615839e+01, 7.7188179815e+00, 7.4101068763e-01, 2.8560174500e+01, 1.2816104236e+01
16.5, -1.6401037856e+01, -2.7408667156e+01, 8.9807836157e+00, 7.0594020616e+00, 2.6917112097e+01, 1.2413064347e+01
16.6, -1.5400815094e+01, -2.4858055764e+01, 1.0199434404e+01, 1.2827048170e+01, 2.3874586186e+01, 1.1950155524e+01
16.7, -1.3864272276e+01, -2.2675155794e+01, 1.1368892723e+01, 1.7738497380e+01, 1.9595731108e+01, 1.1429610405e+01
16.8, -1.1890469614e+01, -2.0972664097e+01, 1.2483518207e+01, 2.1533705896e+01, 1.4309216837e+01, 1.0853939608e+01
16.9, -9.6016142001e+00, -1.9837626425e+01, 1.3537934952e+01, 2.4011822842e+01, 8.2971265939e+00, 1.0225919627e+01
17, -7.1365797078e+00, -1.9326823447e+01, 1.4527057444e+01, 2.5041837425e+01, 1.8800029945e+00, 9.5485794397e+00
17.1, -4.6435425935e+00, -1.9463761176e+01, 1.5446115089e+01, 2.4569523777e+01, -4.6001445524e+00, 8.8251858975e+00
17.2, -2.2721251661e+00, -2.0237425348e+01, 1.6290675217e+01, 2.2620315333e+01, -1.0797970384e+01, 8.0592279695e+00
17.3, -1.6546203202e-01, -2.1602865785e+01, 1.7056664466e+01, 1.9297956361e+01, -1.6383099945e+01, 7.2543999156e+00
17.4, 1.5473895197e+00, -2.3483579750e+01, 1.7740388425e+01, 1.4779002158e+01, -2.1057643475e+01, 6.4145834686e+00
17.5, 2.7582928564e+00, -2.5775567962e+01, 1.8338549454e+01, 9.3034594645e+00, -2.4571987606e+01, 5.5438291124e+00
17.6, 3.3857662961e+00, -2.8352848236e+01, 1.8848262588e+01, 3.1620632531e+00, -2.6738027736e+01, 4.6463365459e+00
17.7, 3.3793043752e+00, -3.1074134477e+01, 1.9267069449e+01, -3.3191356037e+00, -2.7439139738e+01, 3.7264344285e+00
17.8, 2.7220570193e+00, -3.3790326948e+01, 1.9592950109e+01, -9.7960547796e+00, -2.6636362373e+01, 2.7885595016e+00
17.9, 1.4317245934e+00, -3.6352416764e+01, 1.9824332826e+01, -1.5924820771e+01, -2.4370462709e+01, 1.8372351909e+00
18, -4.4037861229e-01, -3.8619385559e+01, 1.9960101628e+01, -2.1379998067e+01, -2.0759775045e+01, 8.7704978906e-01
18.1, -2.8120428118e+00, -4.0465681579e+01, 1.9999601694e+01, -2.5871840867e+01, -1.5993927905e+01, -8.7365673608e-02
18.2, -5.5745189576e+00, -4.1787875880e+01, 1.9942642513e+01, -2.9161652812e+01, -1.0323791675e+01, -1.0513597650e+00
18.3, -8.5982818469e+00, -4.2510145762e+01, 1.9789498804e+01, -3.1074440499e+01, -4.0481797490e+00, -2.0102830854e+00
18.4, -1.1739894590e+01, -4.2588294791e+01, 1.9540909186e+01, -3.1508190006e+01, 2.5019918033e+00, -2.9595106916e+00
18.5, -1.4849610546e+01, -4.2012096277e+01, 1.9198072622e+01, -3.0439274682e+01, 8.9812463386e+00, -3.8944644034e+00
18.6, -1.7779309733e+01, -4.0805835999e+01, 1.8762642634e+01, -2.7923707524e+01, 1.5047860575e+01, -4.8106348846e+00
18.7, -2.0390348999e+01, -3.9027025396e+01, 1.8236719326e+01, -2.4094171772e+01, 2.0381979523e+01, -5.7036033914e+00
18.8, -2.2560909813e+01, -3.6763353463e+01, 1.7622839256e+01, -1.9152987142e+01, 2.4702572112e+01, -6.5690630847e+00
18.9, -2.4192454144e+01, -3.4128038918e+01, 1.6923963205e+01, -1.3361384560e+01, 2.7782328692e+01, -7.4028398017e+00
19, -2.5214946220e+01, -3.1253829037e+01, 1.6143461892e+01, -7.0256579812e+00, 2.9459710664e+01, -8.2009121889e+00
19.1, -2.5590563343e+01, -2.8285963299e+01, 1.5285099721e+01, -4.8092739083e-01, 2.9647513496e+01, -8.9594310965e+00
19.2, -2.5315699056e+01, -2.5374474832e+01, 1.4353016623e+01, 5.9266262505e+00, 2.8337489191e+01, -9.6747381436e+00
19.3, -2.4421152468e+01, -2.2666237776e+01, 1.3351708089e+01, 1.1858112384e+01, 2.5600783168e+01, -1.0343383363e+01
19.4, -2.2970493719e+01, -2.0297182151e+01, 1.2286003489e+01, 1.6999895713e+01, 2.1584162417e+01, -1.0962141839e+01
19.5, -2.1056692221e+01, -1.8385088909e+01, 1.1161042778e+01, 2.1080222217e+01, 1.6502234877e+01, -1.1528029264e+01
19.6, -1.8797186427e+01, -1.7023347130e+01, 9.9822517080e+00, 2.3883624957e+01, 1.0626072504e+01, -1.2038316329e+01
19.7, -1.6327656497e+01, -1.6276004285e+01, 8.7553156571e+00, 2.5262346005e+01, 4.2688411530e+00, -1.2490541892e+01
19.8, -1.3794829962e+01, -1.6174371957e+01, 7.4861522095e+00, 2.5144169022e+01, -2.2308009659e+00, -1.2882524841e+01
19.9, -1.1348701785e+01, -1.6715366960e+01, 6.1808826147e+00, 2.3536247274e+01, -8.5266561613e+00, -1.3212374620e+01
20, -9.1345812397e+00, -1.7861675776e+01, 4.8458022642e+00, 2.0524724167e+01, -1.4283339780e+01, -1.3478500344e+01
20.1, -7.2853872020e+00, -1.9543733601e+01, 3.4873503285e+00, 1.6270166424e+01, -1.9194059473e+01, -1.3679618473e+01
20.2, -5.9146003033e+00, -2.1663413082e+01, 2.1120787006e+00, 1.0999052018e+01, -2.2996878714e+01, -1.3814759004e+01
20.3, -5.1102455472e+00, -2.4099227194e+01, 7.2662039602e-01, 4.9917640744e+00, -2.5488602429e+01, -1.3883270145e+01
20.4, -4.9302243816e+00, -2.6712770449e+01, -6.6234243902e-01, -1.4322727550e+00, -2.6535548644e+01, -1.3884821463e+01
20.5, -5.3992436732e+00, -2.9356056967e+01, -2.0481107556e+00, -7.9315255379e+00, -2.6080635139e+01, -1.3819405477e+01
20.6, -6.5075043813e+00, -3.1879366429e+01, -3.4240009123e+00, -1.4160458252e+01, -2.4146405461e+01, -1.3687337691e+01
20.7, -8.2112194409e+00, -3.4139181967e+01, -4.7833769106e+00, -1.9787849147e+01, -2.0833833865e+01, -1.3489255077e+01
20.8, -1.0434933398e+01, -3.6005799203e+01, -6.1196824005e+00, -2.4514349260e+01, -1.6316972571e+01, -1.3226112998e+01
20.9, -1.3075520829e+01, -3.7370203076e+01, -7.4264723029e+00, -2.8088351278e+01, -1.0833725074e+01, -1.2899180604e+01
21, -1.6007651578e+01, -3.8149847909e+01, -8.6974438937e+00, -3.0319327537e+01, -4.6732346599e+00, -1.2510034710e+01
21.1, -1.9090433090e+01, -3.8293034307e+01, -9.9264672027e+00, -3.1087930092e+01, 1.8394433414e+00, -1.2060552188e+01
21.2, -2.2174877724e+01, -3.7781650869e+01, -1.1107614579e+01, -3.0352317455e+01, 8.3605730074e+00, -1.1552900920e+01
21.3, -2.5111799194e+01, -3.6632135373e+01, -1.2235189280e+01, -2.8150372613e+01, 1.4545959516e+01, -1.0989529337e+01
21.4, -2.7759719530e+01, -3.4894604484e+01, -1.3303752946e+01, -2.4597694772e+01, 2.0069195131e+01, -1.0373154613e+01
21.5, -2.9992367414e+01, -3.2650198131e+01, -1.4308151834e+01, -1.9881471272e+01, 2.4638962237e+01, -9.7067495592e+00
21.6, -3.1705370390e+01, -3.0006779322e+01, -1.5243541669e+01, -1.4250554556e+01, 2.8014476171e+01, -8.9935282868e+00
21.7, -3.2821786186e+01, -2.7093217364e+01, -1.6105411010e+01, -8.0022702271e+00, 3.0018249222e+01, -8.2369307036e+00
21.8, -3.3296179941e+01, -2.4052557549e+01, -1.6889603012e+01, -1.4666555199e+00, 3.0545499158e+01, -7.4406059238e+00
21.9, -3.3117031184e+01, -2.1034439383e+01, -1.7592335472e+01, 5.0110362790e+00, 2.9569703540e+01, -6.6083946684e+00
22, -3.2307342991e+01, -1.8187165277e+01, -1.8210219070e+01, 1.1088637986e+01, 2.7144005385e+01, -5.7443107410e+00
22.1, -3.0923421017e+01, -1.5649840152e+01, -1.8740273716e+01, 1.6445207043e+01, 2.3398395678e+01, -4.8525216688e+00
22.2, -2.9051887137e+01, -1.3544998651e+01, -1.9179942928e+01, 2.0798038852e+01, 1.8532822094e+01, -3.9373286027e+00
22.3, -2.6805086018e+01, -1.1972110780e+01, -1.9527106154e+01, 2.3917653049e+01, 1.2806589250e+01, -3.0031455723e+00
22.4, -2.4315128109e+01, -1.1002310269e+01, -1.9780089006e+01, 2.5639958254e+01, 6.5246124119e+00, -2.0544781968e+00
22.5, -2.1726884862e+01, -1.0674625089e+01, -1.9937671334e+01, 2.5874950465e+01, 2.1253354291e-02, -1.0959019546e+00
22.6, -1.9190307502e+01, -1.0993909956e+01, -1.9999093109e+01, 2.4611483975e+01, -6.3574047354e+00, -1.3204011471e-01
22.7, -1.6852476543e+01, -1.1930590420e+01, -1.9964058090e+01, 2.1917861906e+01, -1.2271903678e+01, 8.3245856084e-01
22.8, -1.4849803512e+01, -1.3422232090e+01, -1.9832735253e+01, 1.7938215077e+01, -1.7407405484e+01, 1.7929422387e+00
22.9, -1.3300798288e+01, -1.5376851814e+01, -1.9605757976e+01, 1.2884861169e+01, -2.1490382359e+01, 2.7447784499e+00
23, -1.2299785446e+01, -1.7677795283e+01, -1.9284220984e+01, 7.0270492374e+00, -2.4303116762e+01, 3.6833764329e+00
23.1, -1.1911902721e+01, -2.0189922482e+01, -1.8869675068e+01, 6.7668625612e-01, -2.5695242881e+01, 4.6042092748e+00
23.2, -1.2169646731e+01, -2.2766773082e+01, -1.8364119609e+01, -5.8281976540e+00, -2.5591717687e+01, 5.5028357451e+00
23.3, -1.3071149055e+01, -2.5258331947e+01, -1.7769992929e+01, -1.2141368782e+01, -2.3996799026e+01, 6.3749217159e+00
23.4, -1.4580274066e+01, -2.7518983071e+01, -1.7090160537e+01, -1.7926744227e+01, -2.0993819878e+01, 7.2162610657e+00
23.5, -1.6628533312e+01, -2.9415230316e+01, -1.6327901304e+01, -2.2876208160e+01, -1.6740770749e+01, 8.0227959657e+00
23.6, -1.9118714980e+01, -3.0832775655e+01, -1.5486891650e+01, -2.6725945478e+01, -1.1461924398e+01, 8.7906364511e+00
23.7, -2.1930036014e+01, -3.1682579703e+01, -1.4571187815e+01, -2.9270427001e+01, -5.4359468838e+00, 9.5160791824e+00
23.8, -2.4924543783e+01, -3.1905583260e+01, -1.3585206292e+01, -3.0373304840e+01, 1.0188748196e+00, 1.0195625307e+01
23.9, -2.7954427926e+01, -3.1475839573e+01, -1.2533702528e+01, -2.9974640360e+01, 7.5615055187e+00, 1.0825997334e+01
24, -3.0869854766e+01, -3.0401891276e+01, -1.1421747986e+01, -2.8094081599e+01, 1.3846240377e+01, 1.1404154944e+01
24.1, -3.3526908988e+01, -2.8726319020e+01, -1.0254705688e+01, -2.4829821701e+01, 1.9541030994e+01, 1.1927309647e+01
24.2, -3.5795221572e+01, -2.6523485726e+01, -9.0382043473e+00, -2.0353393588e+01, 2.4345087513e+01, 1.2392938238e+01
24.3, -3.7564879624e+01, -2.3895596036e+01, -7.7781112216e+00, -1.4900576823e+01, 2.8004823630e+01, 1.2798794964e+01
24.4, -3.8752251810e+01, -2.0967279868e+01, -6.4805038133e+00, -8.7588987087e+00, 3.0327299274e+01, 1.3142922354e+01
24.5, -3.9304420573e+01, -1.7878987206e+01, -5.1516405587e+00, -2.2523922073e+00, 3.1190448328e+01, 1.3423660662e+01
24.6, -3.9201986199e+01, -1.4779544269e+01, -3.7979306429e+00, 4.2755813113e+00, 3.0549549226e+01, 1.3639655870e+01
24.7, -3.8460094062e+01, -1.1818265685e+01, -2.4259030880e+00, 1.0480533905e+01, 2.8439595420e+01, 1.3789866220e+01
24.8, -3.7127630621e+01, -9.1370407904e+00, -1.0421752631e+00, 1.6035112576e+01, 2.4973440059e+01, 1.3873567241e+01
24.9, -3.5284630778e+01, -6.8628135876e+00, 3.4657903191e-01, 2.0646452408e+01, 2.0335813251e+01, 1.3890355237e+01
25, -3.3038034049e+01, -5.1008549931e+00, 1.7336617538e+00, 2.4071701409e+01, 1.4773529055e+01, 1.3840149238e+01
25.1, -3.0516014515e+01, -3.9291840265e+00, 3.1123829217e+00, 2.6130894091e+01, 8.5824013645e+00, 1.3723191392e+01
25.2, -2.7861185139e+01, -3.3944336745e+00, 4.4760928828e+00, 2.6716491326e+01, 2.0915622785e+00, 1.3540045792e+01
25.3, -2.5223036685e+01, -3.5093805819e+00, 5.8182143845e+00, 2.5799080791e+01, -4.3539857256e+00, 1.3291595761e+01
25.4, -2.2750012082e+01, -4.2522695195e+00, 7.1322742964e+00, 2.3428935802e+01, -1.0411658886e+01, 1.2979039588e+01
25.5, -2.0581636362e+01, -5.5679684367e+00, 8.4119348309e+00, 1.9733349931e+01, -1.5759452995e+01, 1.2603884750e+01
25.6, -1.8841119378e+01, -7.3708928631e+00, 9.6510241106e+00, 1.4909888688e+01, -2.0113013248e+01, 1.2167940641e+01
25.7, -1.7628823452e+01, -9.5495446301e+00, 1.0843565935e+01, 9.2159160309e+00, -2.3240708223e+01, 1.1673309844e+01
25.8, -1.7016942212e+01, -1.1972424306e+01, 1.1983808607e+01, 2.9549509093e+00, -2.4975908901e+01, 1.1122377992e+01
25.9, -1.7045672726e+01, -1.4495003918e+01, 1.3066252668e+01, -3.5394228867e+00, -2.5225821809e+01, 1.0517802263e+01
26, -1.7721083826e+01, -1.6967390324e+01, 1.4085677428e+01, -9.9212406197e+00, -2.3976408039e+01, 9.8624985608e+00
26.1, -1.9014793637e+01, -1.9242272991e+01, 1.5037166141e+01, -1.5850496787e+01, -2.1293127389e+01, 9.1596274530e+00
26.2, -2.0865473388e+01, -2.1182734861e+01, 1.5916129723e+01, -2.1011169360e+01, -1.7317468185e+01, 8.4125789283e+00
26.3, -2.3182097797e+01, -2.2669512239e+01, 1.6718328880e+01, -2.5127972601e+01, -1.2259446754e+01, 7.6249560453e+00
26.4, -2.5848769705e+01, -2.3607318844e+01, 1.7439894560e+01, -2.7980950360e+01, -6.3864741685e+00, 6.8005575553e+00
26.5, -2.8730863216e+01, -2.3929898796e+01, 1.8077346609e+01, -2.9417136273e+01, -9.1804419366e-03, 5.9433595805e+00
26.6, -3.1682159660e+01, -2.3603540656e+01, 1.8627610559e+01, -2.9358662721e+01, 6.5350523170e+00, 5.0574964367e+00
26.7, -3.4552598114e+01, -2.2628866258e+01, 1.9088032454e+01, -2.7806888717e+01, 1.2899974886e+01, 4.1472406937e+00
26.8, -3.7196229611e+01, -2.1040799495e+01, 1.9456391654e+01, -2.4842327885e+01, 1.8748825929e+01, 3.2169825681e+00
26.9, -3.9478953364e+01, -1.8906716723e+01, 1.9730911540e+01, -2.0620380372e+01, 2.3772183991e+01, 2.2712087492e+00
27, -4.1285624910e+01, -1.6322876838e+01, 1.9910268087e+01, -1.5363094951e+01, 2.7704370151e+01, 1.3144807593e+00
27.1, -4.2526159369e+01, -1.3409320266e+01, 1.9993596249e+01, -9.3473980247e+00, 3.0337531792e+01, 3.5141295352e-01
27.2, -4.3140306269e+01, -1.0303507295e+01, 1.9980494128e+01, -2.8904135282e+00, 3.1532660914e+01, -6.1334973599e-01
27.3, -4.3100842820e+01, -7.1530329658e+00, 1.9871024917e+01, 3.6673480473e+00, 3.1226962894e+01, -1.5751542024e+00
27.4, -4.2415016378e+01, -4.1078047460e+00, 1.9665716594e+01, 9.9800403471e+00, 2.9437185079e+01, -2.5293616066e+00
27.5, -4.1124159618e+01, -1.3120976296e+00, 1.9365559371e+01, 1.5714814665e+01, 2.6258728770e+01, -3.4713697507e+00
27.6, -3.9301498828e+01, 1.1030921512e+00, 1.8972000925e+01, 2.0569464398e+01, 2.1860591665e+01, -4.3966352742e+00
27.7, -3.7048271513e+01, 3.0269894730e+00, 1.8486939411e+01, 2.4288445091e+01, 1.6476408902e+01, -5.3006955677e+00
27.8, -3.4488359117e+01, 4.3749107040e+00, 1.7912714310e+01, 2.6676420835e+01, 1.0392067616e+01, -6.1791902955e+00
27.9, -3.1761719406e+01, 5.0927509316e+00, 1.7252095143e+01, 2.7608618917e+01, 3.9305515839e+00, -7.0278824264e+00
28, -2.9016966647e+01, 5.1598501636e+00, 1.6508268115e+01, 2.7037443816e+01, -2.5651806279e+00, -7.8426786687e+00
28.1, -2.6403492942e+01, 4.5900865664e+00, 1.5684820747e+01, 2.4994999930e+01, -8.7503763613e+00, -8.6196492125e+00
28.2, -2.4063548360e+01, 3.4311387909e+00, 1.4785724573e+01, 2.1591389325e+01, -1.4296764635e+01, -9.3550466837e+00
28.3, -2.2124699717e+01, 1.7619564940e+00, 1.3815315989e+01, 1.7008874740e+01, -1.8909958159e+01, -1.0045324217e+01
28.4, -2.0693067756e+01, -3.1142684848e-01, 1.2778275330e+01, 1.1492217286e+01, -2.2345059101e+01, -1.0687152565e+01
28.5, -1.9847701258e+01, -2.6615168681e+00, 1.1679604305e+01, 5.3357010604e+00, -2.4419641322e+01, -1.1277436150e+01
28.6, -1.9636386284e+01, -5.1461188871e+00, 1.0524601868e+01, -1.1324674817e+00, -2.5023420898e+01, -1.1813328002e+01
28.7, -2.0073112723e+01, -7.6158777709e+00, 9.3188386629e+00, -7.5675583870e+00, -2.4124102273e+01, -1.2292243482e+01
28.8, -2.1137332444e+01, -9.9221973518e+00, 8.0681301572e+00, -1.3626592954e+01, -2.1769090152e+01, -1.2711872753e+01
28.9, -2.2775048356e+01, -1.1925119606e+01, 6.7785085907e+00, -1.8986525613e+01, -1.8082976390e+01, -1.3070191919e+01
29, -2.4901676662e+01, -1.3500745899e+01, 5.4561938834e+00, -2.3361369085e+01, -1.3260935106e+01, -1.3365472786e+01
29.1, -2.7406530557e+01, -1.4547806893e+01, 4.1075636365e+00, -2.6517355012e+01, -7.5583761666e+00, -1.3596291197e+01
29.2, -3.0158687691e+01, -1.4993032837e+01, 2.7391223724e+00, -2.8285326368e+01, -1.2774055258e+00, -1.3761533900e+01
29.3, -3.3013930341e+01, -1.4795039562e+01, 1.3574701633e+00, -2.8569704728e+01, 5.2491898226e+00, -1.3860403923e+01
29.4, -3.5822390403e+01, -1.3946524180e+01, -3.0729201450e-02, -2.7353557036e+01, 1.1675583294e+01, -1.3892424407e+01
29.5, -3.8436493905e+01, -1.2474654090e+01, -1.4187803553e+00, -2.4699493285e+01, 1.7661241374e+01, -1.3857440918e+01
29.6, -4.0718783928e+01, -1.0439628680e+01, -2.7999886465e+00, -2.0746347529e+01, 2.2888975647e+01, -1.3755622182e+01
29.7, -4.2549207199e+01, -7.9314899709e+00, -4.1676924269e+00, -1.5701818182e+01, 2.7081757245e+01, -1.3587459277e+01
29.8, -4.3831478113e+01, -5.0653512800e+00, -5.5152951812e+00, -9.8314577559e+00, 3.0017402358e+01, -1.3353763263e+01
29.9, -4.4498182805e+01, -1.9752968310e+00, -6.8362973426e+00, -3.4445957141e+00, 3.1540350321e+01, -1.3055661269e+01
30, -4.4514352714e+01, 1.1927242843e+00, -8.1243276408e+00, 3.1220593146e+00, 3.1569909911e+01, -1.2694591059e+01
30.1, -4.3879318199e+01, 4.2886331016e+00, -9.3731738304e+00, 9.5222686834e+00, 3.0104536717e+01, -1.2272294096e+01
30.2, -4.2626743940e+01, 7.1661746923e+00, -1.0576812653e+01, 1.5418618036e+01, 2.7221914847e+01, -1.1790807143e+01
30.3, -4.0822844269e+01, 9.6906693379e+00, -1.1729438889e+01, 2.0500403793e+01, 2.3074838637e+01, -1.1252452439e+01
30.4, -3.8562873027e+01, 1.1746150075e+01, -1.2825493355e+01, 2.4500103629e+01, 1.7883112704e+01, -1.0659826500e+01
30.5, -3.5966074031e+01, 1.3241508239e+01, -1.3859689716e+01, 2.7207557834e+01, 1.1921899727e+01, -1.0015787597e+01
30.6, -3.3169359843e+01, 1.4115321235e+01, -1.4827039982e+01, 2.8481109789e+01, 5.5071336568e+00, -9.3234419668e+00
30.7, -3.0320053925e+01, 1.4339106602e+01, -1.5722878567e+01, 2.8255114992e+01, -1.0212283652e+00, -8.5861288325e+00
30.8, -2.7568080943e+01, 1.3918829883e+01, -1.6542884790e+01, 2.6543420580e+01, -7.3172275505e+00, -7.8074042987e+00
30.9, -2.5058019209e+01, 1.2894586364e+01, -1.7283103712e+01, 2.3438630917e+01, -1.3047243120e+01, -6.9910241992e+00
31, -2.2921436583e+01, 1.1338473561e+01, -1.7939965214e+01, 1.9107198154e+01, -1.7907677869e+01, -6.1409259832e+00
31.1, -2.1269916102e+01, 9.3507672373e+00, -1.8510301216e+01, 1.3780598072e+01, -2.1641052110e+01, -5.2612097238e+00
31.2, -2.0189141066e+01, 7.0546036748e+00, -1.8991360953e+01, 7.7430589470e+00, -2.4049652843e+01, -4.3561183442e+00
31.3, -1.9734353134e+01, 4.5894500924e+00, -1.9380824247e+01, 1.3164939893e+00, -2.5006014587e+01, -3.4300171529e+00
31.4, -1.9927424182e+01, 2.1037093624e+00, -1.9676812693e+01, -5.1565639160e+00, -2.4459676305e+01, -2.4873727899e+00
31.5, -2.0755697172e+01, -2.5314894553e-01, -1.9877898722e+01, -1.1331120500e+01, -2.2439856206e+01, -1.5327316843e+00
31.6, -2.2172657449e+01, -2.3385140476e+00, -1.9983112485e+01, -1.6878008842e+01, -1.9053902664e+01, -5.7069812574e-01
31.7, -2.4100398888e+01, -4.0241958182e+00, -1.9991946529e+01, -2.1501339045e+01, -1.4481603374e+01, 3.9408794170e-01
31.8, -2.6433754156e+01, -5.2032221879e+00, -1.9904358248e+01, -2.4954183813e+01, -8.9656544170e+00, 1.3569732985e+00
31.9, -2.9045870133e+01, -5.7955117323e+00, -1.9720770085e+01, -2.7051668441e+01, -2.7987945152e+00, 2.3133138923e+00
32, -3.1794932918e+01, -5.7521207421e+00, -1.9442067496e+01, -2.7680771298e+01, 3.6917135150e+00, 3.2584972367e+00
32.1, -3.4531685947e+01, -5.0578396358e+00, -1.9069594681e+01, -2.6806315281e+01, 1.0161431435e+01, 4.1879646571e+00
32.2, -3.7107342641e+01, -3.7320010806e+00, -1.8605148099e+01, -2.4472832628e+01, 1.6267004711e+01, 5.0972332781e+00
32.3, -3.9381474156e+01, -1.8274569838e+00, -1.8050967801e+01, -2.0802204249e+01, 2.1684364157e+01, 5.9819176439e+00
32.4, -4.1229454076e+01, 5.7222140913e-01, -1.7409726633e+01, -1.5987198722e+01, 2.6125905206e+01, 6.8377508702e+00
32.5, -4.2549065409e+01, 3.3571718819e+00, -1.6684517337e+01, -1.0281253473e+01, 2.9355734112e+01, 7.6606052236e+00
32.6, -4.3265919644e+01, 6.3970633231e+00, -1.5878837642e+01, -3.9850398421e+00, 3.1202172882e+01, 8.4465120293e+00
32.7, -4.3337400593e+01, 9.5480028737e+00, -1.4996573386e+01, 2.5694757277e+00, 3.1566860033e+01, 9.1916808131e+00
32.8, -4.2754923958e+01, 1.2660161989e+01, -1.4041979783e+01, 9.0366294721e+00, 3.0429964741e+01, 9.8925175826e+00
32.9, -4.1544392851e+01, 1.5585717145e+01, -1.3019660893e+01, 1.5075384152e+01, 2.7851237985e+01, 1.0545642161e+01
33, -3.9764825114e+01, 1.8186684251e+01, -1.1934547419e+01, 2.0367407611e+01, 2.3966844978e+01, 1.1147904490e+01
33.1, -3.7505225208e+01, 2.0342231445e+01, -1.0791872929e+01, 2.4633947667e+01, 1.8982146792e+01, 1.1696399825e+01
33.2, -3.4879866512e+01, 2.1955082626e+01, -9.5971486069e+00, 2.7650608801e+01, 1.3160813863e+01, 1.2188482739e+01
33.3, -3.2022234117e+01, 2.2956672263e+01, -8.3561366786e+00, 2.9259247300e+01, 6.8108484670e+00, 1.2621779888e+01
33.4, -2.9077949210e+01, 2.3310778218e+01, -7.0748226172e+00, 2.9376354300e+01, 2.6825715701e-01, 1.2994201456e+01
33.5, -2.6197050155e+01, 2.3015440008e+01, -5.7593862752e+00, 2.7997482335e+01, -6.1207613100e+00, 1.3303951230e+01
33.6, -2.3526039444e+01, 2.2103060827e+01, -4.4161720789e+00, 2.5197480744e+01, -1.2018168302e+01, 1.3549535271e+01
33.7, -2.1200118121e+01, 2.0638687913e+01, -3.0516584290e+00, 2.1126527468e+01, -1.7112005025e+01, 1.3729769111e+01
33.8, -1.9336019354e+01, 1.8716562433e+01, -1.6724264544e+00, 1.6002167607e+01, -2.1132929675e+01, 1.3843783473e+01
33.9, -1.8025821032e+01, 1.6455121774e+01, -2.8512827148e-01, 1.0097780782e+01, -2.3868495383e+01, 1.3891028459e+01
34, -1.7332065405e+01, 1.3990719194e+01, 1.1035450996e+00, 3.7280886725e+00, -2.5174412058e+01, 1.3871276203e+01
34.1, -1.7284444466e+01, 1.1470393744e+01, 2.4868960060e+00, -2.7675289966e+00, -2.4982195147e+01, 1.3784621972e+01
34.2, -1.7878226791e+01, 9.0440737485e+00, 3.8582524656e+00, -9.0430255920e+00, -2.3302795836e+01, 1.3631483705e+01
34.3, -1.9074509216e+01, 6.8566271569e+00, 5.2110003461e+00, -1.4764032084e+01, -2.0226020269e+01, 1.3412599996e+01
34.4, -2.0802280026e+01, 5.0401801621e+00, 6.5386152657e+00, -1.9625582480e+01, -1.5915768571e+01, 1.3129026535e+01
34.5, -2.2962184257e+01, 3.7071113070e+00, 7.8346940599e+00, -2.3368280532e+01, -1.0601346088e+01, 1.2782131012e+01
34.6, -2.5431791520e+01, 2.9440924569e+00, 9.0929856652e+00, -2.5792050704e+01, -4.5653074262e+00, 1.2373586526e+01
34.7, -2.8072087088e+01, 2.8074925317e+00, 1.0307421268e+01, -2.6766744460e+01, 1.8715222773e+00, 1.1905363510e+01
34.8, -3.0734842139e+01, 3.3203876508e+00, 1.1472143574e+01, -2.6239039618e+01, 8.3670548233e+00, 1.1379720232e+01
34.9, -3.3270472450e+01, 4.4713361805e+00, 1.2581535060e+01, -2.4235267035e+01, 1.4576073561e+01, 1.0799191899e+01
35, -3.5535968948e+01, 6.2149836187e+00, 1.3630245066e+01, -2.0860014795e+01, 2.0168533808e+01, 1.0166578434e+01
35.1, -3.7402479704e+01, 8.4744652457e+00, 1.4613215602e+01, -1.6290583896e+01, 2.4847058946e+01, 9.4849309690e+00
35.2, -3.8762141441e+01, 1.1145479172e+01, 1.5525705745e+01, -1.0767589354e+01, 2.8362704721e+01, 8.7575371288e+00
35.3, -3.9533798420e+01, 1.4101813863e+01, 1.6363314501e+01, -4.5822049821e+00, 3.0528156050e+01, 7.9879051769e+00
35.4, -3.9667305529e+01, 1.7202037113e+01, 1.7122002035e+01, 1.9392719873e+00, 3.1227656775e+01, 7.1797470931e+00
35.5, -3.9146187478e+01, 2.0296991888e+01, 1.7798109152e+01, 8.4527181751e+00, 3.0423145986e+01, 6.3369606711e+00
35.6, -3.7988513130e+01, 2.3237701656e+01, 1.8388374948e+01, 1.4614426280e+01, 2.8156275612e+01, 5.4636107191e+00
35.7, -3.6245938620e+01, 2.5883266151e+01, 1.8889952537e+01, 2.0099325206e+01, 2.4546202352e+01, 4.5639094549e+00
35.8, -3.4000970002e+01, 2.8108328995e+01, 1.9300422782e+01, 2.4618212236e+01, 1.9783270996e+01, 3.6421961904e+00
35.9, -3.1362590523e+01, 2.9809721317e+01, 1.9617805959e+01, 2.7933083735e+01, 1.4118924004e+01, 2.7029164024e+00
36, -2.8460484345e+01, 3.0911929191e+01, 1.9840571313e+01, 2.9869751715e+01, 7.8523722469e+00, 1.7506002922e+00
36.1, -2.5438162912e+01, 3.1371095045e+01, 1.9967644432e+01, 3.0327077427e+01, 1.3147335285e+00, 7.8984093615e-01
36.2, -2.2445358352e+01, 3.1177340945e+01, 1.9998412436e+01, 2.9282332525e+01, -5.1485202845e+00, -1.7472786739e-01
36.3, -1.9630087141e+01, 3.0355290583e+01, 1.9932726930e+01, 2.6792403587e+01, -1.1195877017e+01, -1.1384539467e+00
36.4, -1.7130804757e+01, 2.8962762305e+01, 1.9770904717e+01, 2.2990776168e+01, -1.6507887994e+01, -2.0966891947e+00
36.5, -1.5069067199e+01, 2.7087702476e+01, 1.9513726277e+01, 1.8080458260e+01, -2.0804102197e+01, -3.0448119868e+00
36.6, -1.3543088398e+01, 2.4843521733e+01, 1.9162431996e+01, 1.2323218307e+01, -2.3857933077e+01, -3.9782494714e+00
36.7, -1.2622535051e+01, 2.2363081385e+01, 1.8718716188e+01, 6.0257082897e+00, -2.5508669915e+01, -4.8924996250e+00
36.8, -1.2344834795e+01, 1.9791648722e+01, 1.8184718918e+01, -4.7679248540e-01, -2.5669997017e+01, -5.7831529659e+00
36.9, -1.2713193442e+01, 1.7279194709e+01, 1.7563015689e+01, -6.8381511318e+00, -2.4334569111e+01, -6.6459138209e+00
37, -1.3696426359e+01, 1.4972442357e+01, 1.6856605010e+01, -1.2719730246e+01, -2.1574400435e+01, -7.4766210442e+00
37.1, -1.5230612949e+01, 1.3007087298e+01, 1.6068893943e+01, -1.7808339591e+01, -1.7537046886e+01, -8.2712680864e+00
37.2, -1.7222486511e+01, 1.1500602971e+01, 1.5203681662e+01, -2.1832838754e+01, -1.2437783625e+01, -9.0260223184e+00
37.3, -1.9554379774e+01, 1.0546011809e+01, 1.4265141139e+01, -2.4578510664e+01, -6.5481928256e+00, -9.7372435166e+00
37.4, -2.2090463940e+01, 1.0206952629e+01, 1.3257799009e+01, -2.5898444015e+01, -1.8176654879e-01, -1.0401501420e+01
37.5, -2.4683950491e+01, 1.0514305705e+01, 1.2186513741e+01, -2.5721321203e+01, 6.3227120443e+00, -1.1015592273e+01
37.6, -2.7184873985e+01, 1.1464554428e+01, 1.1056452208e+01, -2.4055198940e+01, 1.2619128155e+01, -1.1576554281e+01
37.7, -2.9448043257e+01, 1.3019970401e+01, 9.8730647619e+00, -2.0987081144e+01, 1.8372383434e+01, -1.2081681890e+01
37.8, -3.1340739535e+01, 1.5110612151e+01, 8.6420589498e+00, -1.6678306737e+01, 2.3276160034e+01, -1.2528538842e+01
37.9, -3.2749753371e+01, 1.7638031503e+01, 7.3693719848e+00, -1.1355996886e+01, 2.7069158942e+01, -1.2914969918e+01
38, -3.3587387372e+01, 2.0480491135e+01, 6.0611421104e+00, -5.3010150628e+00, 2.9548951785e+01, -1.3239111340e+01
38.1, -3.3796106497e+01, 2.3499416713e+01, 4.7236789957e+00, 1.1669218137e+00, 3.0582711804e+01, -1.3499399754e+01
38.2, -3.3351589433e+01, 2.6546741587e+01, 3.3634333035e+00, 7.7061918647e+00, 3.0114255152e+01, -1.3694579775e+01
38.3, -3.2264019267e+01, 2.9472754673e+01, 1.9869655782e+00, 1.3971377913e+01, 2.8167019259e+01, -1.3823710038e+01
38.4, -3.0577545065e+01, 3.2134035518e+01, 6.0091460411e-01, 1.9631578303e+01, 2.4842820368e+01, -1.3886167739e+01
38.5, -2.8367942886e+01, 3.4401055884e+01, -7.8803461409e-01, 2.4387948195e+01, 2.0316456137e+01, -1.3881651643e+01
38.6, -2.5738600230e+01, 3.6165044889e+01, -2.1731830932e+00, 2.7989541467e+01, 1.4826439429e+01, -1.3810183531e+01
38.7, -2.2815036802e+01, 3.7343753787e+01, -3.5478501811e+00, 3.0246613412e+01, 8.6623545025e+00, -1.3672108097e+01
38.8, -1.9738252040e+01, 3.7885814773e+01, -4.9054057784e+00, 3.1040679055e+01, 2.1495058842e+00, -1.3468091287e+01
38.9, -1.6657252078e+01, 3.7773462771e+01, -6.2393023150e+00, 3.0330793905e+01, -4.3683262980e+00, -1.3199117087e+01
39, -1.3721152288e+01, 3.7023475912e+01, -7.5431063302e+00, 2.8155724173e+01, -1.0547110356e+01, -1.2866482776e+01
39.1, -1.1071274062e+01, 3.5686284850e+01, -8.8105295011e+00, 2.4631891446e+01, -1.6060800381e+01, -1.2471792667e+01
39.2, -8.8336547966e+00, 3.3843298142e+01, -1.0035458972e+01, 1.9947200767e+01, -2.0618620090e+01, -1.2016950374e+01
39.3, -7.1123681133e+00, 3.1602585475e+01, -1.1211986836e+01, 1.4351079313e+01, -2.3980476969e+01, -1.1504149629e+01
39.4, -5.9840084422e+00, 2.9093147587e+01, -1.2334438631e+01, 8.1412537329e+00, -2.5969689559e+01, -1.0935863699e+01
39.5, -5.4936323228e+00, 2.6458076629e+01, -1.3397400707e+01, 1.6479671192e+00, -2.6482353244e+01, -1.0314833461e+01
39.6, -5.6523715867e+00, 2.3846969570e+01, -1.4395746335e+01, -4.7835277301e+00, -2.5492848027e+01, -9.6440541802e+00
39.7, -6.4368449414e+00, 2.1407996794e+01, -1.5324660437e+01, -1.0811270686e+01, -2.3055196337e+01, -8.9267610638e+00
39.8, -7.7903991465e+00, 1.9280046366e+01, -1.6179662805e+01, -1.6114722079e+01, -1.9300198911e+01, -8.1664136586e+00
39.9, -9.6261139805e+00, 1.7585360390e+01, -1.6956629713e+01, -2.0411754921e+01, -1.4428500564e+01, -7.3666791647e+00
40, -1.1831411698e+01, 1.6423053825e+01, -1.7651813805e+01, -2.3473610802e+01, -8.6999534711e+00, -6.5314147484e+00
40.1, -1.4274026621e+01, 1.5863859324e+01, -1.8261862167e+01, -2.5137026617e+01, -2.4198418176e+00, -5.6646489386e+00
40.2, -1.6809018412e+01, 1.5946376682e+01, -1.8783832501e+01, -2.5312889292e+01, 4.0773019227e+00, -4.7705621976e+00
40.3, -1.9286457231e+01, 1.6675025706e+01, -1.9215207313e+01, -2.3990959714e+01, 1.0445431160e+01, -3.8534667580e+00
40.4, -2.1559373397e+01, 1.8019811026e+01, -1.9553906057e+01, -2.1240415454e+01, 1.6345329703e+01, -2.9177858246e+00
40.5, -2.3491550111e+01, 1.9917911307e+01, -1.9798295170e+01, -1.7206183524e+01, 2.1462594145e+01, -1.9680322413e+00
40.6, -2.4964746161e+01, 2.2277008630e+01, -1.9947195950e+01, -1.2101257567e+01, 2.5524300869e+01, -1.0087867251e+00
40.7, -2.5884965704e+01, 2.4980181507e+01, -1.9999890238e+01, -6.1954067921e+00, 2.8313474116e+01, -4.4675773044e-02
40.8, -2.6187442782e+01, 2.7892102193e+01, -1.9956123888e+01, 1.9912482230e-01, 2.9680588184e+01, 9.1965065133e-01
40.9, -2.5840076321e+01, 3.0866209717e+01, -1.9816107987e+01, 6.7441709192e+00, 2.9551493986e+01, 1.8795415454e+00
41, -2.4845133533e+01, 3.3752478416e+01, -1.9580517841e+01, 1.3093569301e+01, 2.7931349801e+01, 2.8303672994e+00
41.1, -2.3239131420e+01, 3.6405370131e+01, -1.9250489714e+01, 1.8911512300e+01, 2.4904347853e+01, 3.7675420251e+00
41.2, -2.1090902673e+01, 3.8691548522e+01, -1.8827615351e+01, 2.3890348204e+01, 2.0629251205e+01, 4.6865456742e+00
41.3, -1.8497948488e+01, 4.0496946551e+01, -1.8313934302e+01, 2.7766890074e+01, 1.5330977585e+01, 5.5829458385e+00
41.4, -1.5581271651e+01, 4.1732812483e+01, -1.7711924078e+01, 3.0336367398e+01, 9.2886762977e+00, 6.4524191276e+00
41.5, -1.2478963795e+01, 4.2340413900e+01, -1.7024488212e+01, 3.1463281002e+01, 2.8209302906e+00, 7.2907720211e+00
41.6, -9.3388867823e+00, 4.2294150366e+01, -1.6254942245e+01, 3.1088585787e+01, -3.7311321769e+00, 8.0939610942e+00
41.7, -6.3108361779e+00, 4.1602909749e+01, -1.5406997745e+01, 2.9232820543e+01, -1.0021920975e+01, 8.8581125191e+00
41.8, -3.5386022363e+00, 4.0309596282e+01, -1.4484744396e+01, 2.5995018925e+01, -1.5719704035e+01, 9.5795407488e+00
41.9, -1.1523492644e+00, 3.8488855415e+01, -1.3492630281e+01, 2.1547459332e+01, -2.0524192616e+01, 1.0254766293e+01
42, 7.3828266857e-01, 3.6243116040e+01, -1.2435440423e+01, 1.6126532020e+01, -2.4182459681e+01, 1.0880532500e+01
42.1, 2.0499879872e+00, 3.3697159924e+01, -1.1318273712e+01, 1.0020207590e+01, -2.6502347548e+01, 1.1453821262e+01
42.2, 2.7302098262e+00, 3.0991506211e+01, -1.0146518308e+01, 3.5527711791e+00, -2.7362654063e+01, 1.1971867574e+01
42.3, 2.7599242079e+00, 2.8274961714e+01, -8.9258256548e+00, -2.9323683950e+00, -2.6719557318e+01, 1.2432172870e+01
42.4, 2.1546465934e+00, 2.5696731890e+01, -7.6620832256e+00, -9.0908832139e+00, -2.4608938337e+01, 1.2832517069e+01
42.5, 9.6360745042e-01, 2.3398510731e+01, -6.3613861236e+00, -1.4595779523e+01, -2.1144478632e+01, 1.3170969288e+01
42.6, -7.3285945189e-01, 2.1506968871e+01, -5.0300076870e+00, -1.9154732053e+01, -1.6511633452e+01, 1.3445897153e+01
42.7, -2.8275775686e+00, 2.0127038142e+01, -3.6743692316e+00, -2.2525580487e+01, -1.0957800259e+01, 1.3655974670e+01
42.8, -5.1922110667e+00, 1.9336348556e+01, -2.3010090810e+00, -2.4529166597e+01, -4.7792035827e+00, 1.3800188624e+01
42.9, -7.6840699834e+00, 1.9181112619e+01, -9.1655103142e-01, -2.5058831536e+01, 1.6948084642e+00, 1.3877843462e+01
43, -1.0153676303e+01, 1.9673675155e+01, 4.7232759517e-01, -2.4086069842e+01, 8.1192235616e+00, 1.3888564651e+01
43.1, -1.2452689866e+01, 2.0791858505e+01, 1.8589281560e+00, -2.1662040428e+01, 1.4151654897e+01, 1.3832300481e+01
43.2, -1.4441773946e+01, 2.2480137842e+01, 3.2365629957e+00, -1.7914854469e+01, 1.9470491662e+01, 1.3709322319e+01
43.3, -1.5997983534e+01, 2.4652584253e+01, 4.5985877009e+00, -1.3042783972e+01, 2.3791948150e+01, 1.3520223295e+01
43.4, -1.7021284667e+01, 2.7197419606e+01, 5.9384331469e+00, -7.3037510484e+00, 2.6885107676e+01, 1.3265915444e+01
43.5, -1.7439859209e+01, 2.9982941710e+01, 7.2496371811e+00, -1.0016550995e+00, 2.8584163809e+01, 1.2947625310e+01
43.6, -1.7213913871e+01, 3.2864505690e+01, 8.5258757899e+00, 5.5297372909e+00, 2.8797210025e+01, 1.2566888023e+01
43.7, -1.6337791553e+01, 3.5692191464e+01, 9.7609935998e+00, 1.1944485717e+01, 2.7511111816e+01, 1.2125539901e+01
43.8, -1.4840273094e+01, 3.8318750876e+01, 1.0949033566e+01, 1.7902814627e+01, 2.4792203004e+01, 1.1625709594e+01
43.9, -1.2783053423e+01, 4.0607413187e+01, 1.2084265702e+01, 2.3089125157e+01, 2.0782769348e+01, 1.1069807811e+01
44, -1.0257472909e+01, 4.2439135152e+01, 1.3161214717e+01, 2.7228725295e+01, 1.5693505863e+01, 1.0460515700e+01
44.1, -7.3796771822e+00, 4.3718911345e+01, 1.4174686423e+01, 3.0102391499e+01, 9.7923477050e+00, 9.8007719114e+00
44.2, -4.2844620125e+00, 4.4380810227e+01, 1.5119792788e+01, 3.1557989838e+01, 3.3902667152e+00, 9.0937584289e+00
44.3, -1.1181295402e+00, 4.4391468977e+01, 1.5991975508e+01, 3.1518540617e+01, -3.1752134264e+00, 8.3428852195e+00
44.4, 1.9692654431e+00, 4.3751861836e+01, 1.6787027994e+01, 2.9986298982e+01, -9.5579095563e+00, 7.5517737888e+00
44.5, 4.8318681276e+00, 4.2497248223e+01, 1.7501115663e+01, 2.7042635186e+01, -1.5421330393e+01, 6.7242397134e+00
44.6, 7.3357536538e+00, 4.0695303374e+01, 1.8130794429e+01, 2.2843720886e+01, -2.0456514090e+01, 5.8642742386e+00
44.7, 9.3660246443e+00, 3.8442530610e+01, 1.8673027313e+01, 1.7612250136e+01, -2.4398406377e+01, 4.9760250280e+00
44.8, 1.0832900051e+01, 3.5859145419e+01, 1.9125199095e+01, 1.1625633988e+01, -2.7039911093e+01, 4.0637761595e+00
44.9, 1.1676472546e+01, 3.3082702567e+01, 1.9485128925e+01, 5.2012944958e+00, -2.8242868250e+01, 3.1319274628e+00
45, 1.1869882261e+01, 3.0260804066e+01, 1.9751080840e+01, -1.3201622658e+00, -2.7945377703e+01, 2.1849732985e+00
45.1, 1.1420738637e+01, 2.7543274560e+01, 1.9921772138e+01, -7.5930021578e+00, -2.6165080178e+01, 1.2274808819e+00
45.2, 1.0370715016e+01, 2.5074218926e+01, 1.9996379566e+01, -1.3284690739e+01, -2.2998221755e+01, 2.6406825482e-01
45.3, 8.7933374692e+00, 2.2984383121e+01, 1.9974543287e+01, -1.8093521257e+01, -1.8614551382e+01, -7.0061798737e-01
45.4, 6.7900850792e+00, 2.1384223241e+01, 1.9856368620e+01, -2.1764608389e+01, -1.3248321942e+01, -1.6619251066e+00
45.5, 4.4850084109e+00, 2.0358050198e+01, 1.9642425527e+01, -2.4103399895e+01, -7.1858719110e+00, -2.6152166625e+00
45.6, 2.0181514564e+00, 1.9959560413e+01, 1.9333745870e+01, -2.4985989913e+01, -7.5044592562e-01, -3.5558948743e+00
45.7, -4.6187423585e-01, 2.0208989455e+01, 1.8931818428e+01, -2.4365687192e+01, 5.7149410519e+00, -4.4794227959e+00
45.8, -2.8057695909e+00, 2.1092039496e+01, 1.8438581721e+01, -2.2275490074e+01, 1.1865687580e+01, -5.3813461985e+00
45.9, -4.8714644666e+00, 2.2560637440e+01, 1.7856414659e+01, -1.8826337038e+01, 1.7373873650e+01, -6.2573150527e+00
46, -6.5316508807e+00, 2.4535483547e+01, 1.7188125067e+01, -1.4201225553e+01, 2.1945644251e+01, -7.1031045097e+00
46.1, -7.6805336627e+00, 2.6910255415e+01, 1.6436936145e+01, -8.6455110126e+00, 2.5336787089e+01, -7.9146352776e+00
46.2, -8.2394406724e+00, 2.9557244487e+01, 1.5606470922e+01, -2.4539000264e+00, 2.7365678641e+01, -8.6879932962e+00
46.3, -8.1609951817e+00, 3.2334126265e+01, 1.4700734779e+01, 4.0451724264e+00, 2.7922912297e+01, -9.4194486145e+00
46.4, -7.4316292431e+00, 3.5091505338e+01, 1.3724096136e+01, 1.0506953791e+01, 2.6977098177e+01, -1.0105473381e+01
46.5, -6.0723048078e+00, 3.7680835251e+01, 1.2681265377e+01, 1.6588649707e+01, 2.4576527181e+01, -1.0742758859e+01
46.6, -4.1374043733e+00, 3.9962293376e+01, 1.1577272136e+01, 2.1967595943e+01, 2.0846611073e+01, -1.1328231382e+01
46.7, -1.7118499694e+00, 4.1812193322e+01, 1.0417441038e+01, 2.6358363168e+01, 1.5983234304e+01, -1.1859067183e+01
46.8, 1.0933967864e+00, 4.3129541959e+01, 9.2073660152e+00, 2.9527887829e+01, 1.0242370020e+01, -1.2332706009e+01
46.9, 4.1472150156e+00, 4.3841393441e+01, 7.9528833303e+00, 3.1307827033e+01, 3.9265107168e+00, -1.2746863474e+01
47, 7.3052735601e+00, 4.3906716436e+01, 6.6600434267e+00, 3.1603482488e+01, -2.6313671178e+00, -1.3099542071e+01
47.1, 1.0417680245e+01, 4.3318569527e+01, 5.3350817467e+00, 3.0398820452e+01, -9.0854543160e+00, -1.3389040811e+01
47.2, 1.3336925926e+01, 4.2104469501e+01, 3.9843886581e+00, 2.7757321570e+01, -1.5095440583e+01, -1.3613963426e+01
47.3, 1.5925702193e+01, 4.0324932978e+01, 2.6144786324e+00, 2.3818615577e+01, -2.0344554510e+01, -1.3773225099e+01
47.4, 1.8064178316e+01, 3.8070268712e+01, 1.2319588258e+00, 1.8791079253e+01, -2.4556355729e+01, -1.3866057703e+01
47.5, 1.9656351665e+01, 3.5455790600e+01, -1.5650278806e-01, 1.2940790042e+01, -2.7509389035e+01, -1.3892013502e+01
47.6, 2.0635134967e+01, 3.2615705175e+01, -1.5442095776e+00, 6.5774209254e+00, -2.9048923663e+01, -1.3850967308e+01
47.7, 2.0965910726e+01, 2.9695997611e+01, -2.9244685521e+00, 3.7824270940e-02, -2.9095155397e+01, -1.3743117090e+01
47.8, 2.0648364375e+01, 2.6846693360e+01, -4.2906226418e+00, -6.3318250857e+00, -2.7647436725e+01, -1.3568983016e+01
47.9, 1.9716499005e+01, 2.4213905651e+01, -5.6360828059e+00, -1.2194380917e+01, -2.4784310806e+01, -1.3329404945e+01
48, 1.8236830870e+01, 2.1932090411e+01, -6.9543598114e+00, -1.7239598020e+01, -2.0659347446e+01, -1.3025538375e+01
48.1, 1.6304861352e+01, 2.0116919194e+01, -8.2390955314e+00, -2.1200578546e+01, -1.5493001845e+01, -1.2658848875e+01
48.2, 1.4040012399e+01, 1.8859147917e+01, -9.4840936107e+00, -2.3867920395e+01, -9.5609276829e+00, -1.2231105007e+01
48.3, 1.1579293930e+01, 1.8219806445e+01, -1.0683349351e+01, -2.5100817675e+01, -3.1793641129e+00, -1.1744369807e+01
48.4, 9.0700388987e+00, 1.8226964001e+01, -1.1831078671e+01, -2.4834524764e+01, 3.3116287096e+00, -1.1200990826e+01
48.5, 6.6620911416e+00, 1.8874241898e+01, -1.2921746007e+01, -2.3083788328e+01, 9.5661968314e+00, -1.0603588813e+01
48.6, 4.4998601493e+00, 2.0121152401e+01, -1.3950091005e+01, -1.9942065345e+01, 1.5251026806e+01, -9.9550450734e+00
48.7, 2.7146639380e+00, 2.1895245780e+01, -1.4911153898e+01, -1.5576568617e+01, 2.0063015171e+01, -9.2584875709e+00
48.8, 1.4177659391e+00, 2.4095951702e+01, -1.5800299424e+01, -1.0219402406e+01, 2.3745336428e+01, -8.5172758433e+00
48.9, 6.9447502649e-01, 2.6599911354e+01, -1.6613239182e+01, -4.1552581218e+00, 2.6101057738e+01, -7.7349847982e+00
49, 5.9962144252e-01, 2.9267517605e+01, -1.7346052315e+01, 2.2936776701e+00, 2.7003578610e+01, -6.9153874710e+00
49.1, 1.1546484482e+00, 3.1950316519e+01, -1.7995204425e+01, 8.7848028692e+00, 2.6403342180e+01, -6.0624368275e+00
49.2, 2.3464738670e+00, 3.4498877853e+01, -1.8557564612e+01, 1.4973261679e+01, 2.4330462297e+01, -5.1802466986e+00
49.3, 4.1281818720e+00, 3.6770717306e+01, -1.9030420580e+01, 2.0530225883e+01, 2.0893127182e+01, -4.2730719387e+00
49.4, 6.4215083373e+00, 3.8637850561e+01, -1.9411491718e+01, 2.5160326436e+01, 1.6271864264e+01, -3.3452879048e+00
49.5, 9.1209880028e+00, 3.9993578676e+01, -1.9698940098e+01, 2.8617311327e+01, 1.0709970268e+01, -2.4013693534e+00
49.6, 1.2099543599e+01, 4.0758145104e+01, -1.9891379339e+01, 3.0717099652e+01, 4.5006138303e+00, -1.4458688589e+00
49.7, 1.5215220649e+01, 4.0882964487e+01, -1.9987881295e+01, 3.1347539906e+01, -2.0287056088e+00, -4.8339485597e-01
49.8, 1.8318710916e+01, 4.0353199035e+01, -1.9987980533e+01, 3.0474355202e+01, -8.5335188037e+00, 4.8141058708e-01
49.9, 2.1261265684e+01, 3.9188545920e+01, -1.9891676573e+01, 2.8142960259e+01, -1.4670647252e+01, 1.4438941573e+00
50, 2.3902579367e+01, 3.7442193951e+01, -1.9699433896e+01, 2.4476053845e+01, -2.0116395283e+01, 2.3994137401e+00
