step, E, E2, absM, M2
1000, -7.9520000000e+00, 6.3616000000e+01, 3.9840000000e+00, 1.5920000000e+01
2000, -7.9760000000e+00, 6.3808000000e+01, 3.9920000000e+00, 1.5960000000e+01
3000, -7.9680000000e+00, 6.3744000000e+01, 3.9880000000e+00, 1.5944000000e+01
4000, -7.9680000000e+00, 6.3744000000e+01, 3.9885000000e+00, 1.5945000000e+01
5000, -7.9744000000e+00, 6.3795200000e+01, 3.9908000000e+00, 1.5956000000e+01
6000, -7.9760000000e+00, 6.3808000000e+01, 3.9916666667e+00, 1.5959333333e+01
7000, -7.9794285714e+00, 6.3835428571e+01, 3.9928571429e+00, 1.5965142857e+01
8000, -7.9800000000e+00, 6.3840000000e+01, 3.9932500000e+00, 1.5966500000e+01
9000, -7.9822222222e+00, 6.3857777778e+01, 3.9940000000e+00, 1.5970222222e+01
10000, -7.9840000000e+00, 6.3872000000e+01, 3.9946000000e+00, 1.5973200000e+01
11000, -7.9847272727e+00, 6.3877818182e+01, 3.9949090909e+00, 1.5974545455e+01
12000, -7.9840000000e+00, 6.3872000000e+01, 3.9946666667e+00, 1.5973333333e+01
13000, -7.9833846154e+00, 6.3867076923e+01, 3.9944615385e+00, 1.5972307692e+01
14000, -7.9840000000e+00, 6.3872000000e+01, 3.9945714286e+00, 1.5973142857e+01
15000, -7.9829333333e+00, 6.3863466667e+01, 3.9942666667e+00, 1.5971466667e+01
16000, -7.9840000000e+00, 6.3872000000e+01, 3.9946250000e+00, 1.5973250000e+01
17000, -7.9849411765e+00, 6.3879529412e+01, 3.9949411765e+00, 1.5974823529e+01
18000, -7.9844444444e+00, 6.3875555556e+01, 3.9948888889e+00, 1.5974222222e+01
19000, -7.9848421053e+00, 6.3878736842e+01, 3.9950526316e+00, 1.5974947368e+01
20000, -7.9856000000e+00, 6.3884800000e+01, 3.9953000000e+00, 1.5976200000e+01
21000, -7.9836190476e+00, 6.3868952381e+01, 3.9945714286e+00, 1.5972761905e+01
22000, -7.9836363636e+00, 6.3869090909e+01, 3.9945454545e+00, 1.5972727273e+01
23000, -7.9833043478e+00, 6.3866434783e+01, 3.9944347826e+00, 1.5972173913e+01
24000, -7.9840000000e+00, 6.3872000000e+01, 3.9946666667e+00, 1.5973333333e+01
25000, -7.9846400000e+00, 6.3877120000e+01, 3.9948800000e+00, 1.5974400000e+01
26000, -7.9849230769e+00, 6.3879384615e+01, 3.9950000000e+00, 1.5974923077e+01
27000, -7.9851851852e+00, 6.3881481481e+01, 3.9951111111e+00, 1.5975407407e+01
28000, -7.9845714286e+00, 6.3876571429e+01, 3.9950000000e+00, 1.5974571429e+01
29000, -7.9848275862e+00, 6.3878620690e+01, 3.9950344828e+00, 1.5974896552e+01
30000, -7.9853333333e+00, 6.3882666667e+01, 3.9952000000e+00, 1.5975733333e+01
31000, -7.9850322581e+00, 6.3880258065e+01, 3.9950967742e+00, 1.5975225806e+01
32000, -7.9855000000e+00, 6.3884000000e+01, 3.9952500000e+00, 1.5976000000e+01
33000, -7.9849696970e+00, 6.3879757576e+01, 3.9949696970e+00, 1.5974909091e+01
34000, -7.9847058824e+00, 6.3877647059e+01, 3.9949411765e+00, 1.5974588235e+01
35000, -7.9851428571e+00, 6.3881142857e+01, 3.9950857143e+00, 1.5975314286e+01
36000, -7.9848888889e+00, 6.3879111111e+01, 3.9950555556e+00, 1.5975000000e+01
37000, -7.9844324324e+00, 6.3875459459e+01, 3.9949729730e+00, 1.5974378378e+01
38000, -7.9844210526e+00, 6.3875368421e+01, 3.9950000000e+00, 1.5974421053e+01
39000, -7.9842051282e+00, 6.3873641026e+01, 3.9949743590e+00, 1.5974153846e+01
40000, -7.9842000000e+00, 6.3873600000e+01, 3.9949500000e+00, 1.5974100000e+01
41000, -7.9845853659e+00, 6.3876682927e+01, 3.9950731707e+00, 1.5974731707e+01
42000, -7.9843809524e+00, 6.3875047619e+01, 3.9950476190e+00, 1.5974476190e+01
43000, -7.9847441860e+00, 6.3877953488e+01, 3.9951627907e+00, 1.5975069767e+01
44000, -7.9850909091e+00, 6.3880727273e+01, 3.9952727273e+00, 1.5975636364e+01
45000, -7.9854222222e+00, 6.3883377778e+01, 3.9953777778e+00, 1.5976177778e+01
46000, -7.9857391304e+00, 6.3885913043e+01, 3.9954782609e+00, 1.5976695652e+01
47000, -7.9855319149e+00, 6.3884255319e+01, 3.9954042553e+00, 1.5976340426e+01
48000, -7.9856666667e+00, 6.3885333333e+01, 3.9954583333e+00, 1.5976583333e+01
49000, -7.9859591837e+00, 6.3887673469e+01, 3.9955510204e+00, 1.5977061224e+01
50000, -7.9860800000e+00, 6.3888640000e+01, 3.9955600000e+00, 1.5977200000e+01
51000, -7.9858823529e+00, 6.3887058824e+01, 3.9955294118e+00, 1.5976941176e+01
52000, -7.9856923077e+00, 6.3885538462e+01, 3.9954230769e+00, 1.5976538462e+01
53000, -7.9858113208e+00, 6.3886490566e+01, 3.9954716981e+00, 1.5976754717e+01
54000, -7.9860740741e+00, 6.3888592593e+01, 3.9955555556e+00, 1.5977185185e+01
55000, -7.9860363636e+00, 6.3888290909e+01, 3.9955636364e+00, 1.5977163636e+01
56000, -7.9862857143e+00, 6.3890285714e+01, 3.9956428571e+00, 1.5977571429e+01
57000, -7.9861052632e+00, 6.3888842105e+01, 3.9955438596e+00, 1.5977192982e+01
58000, -7.9859310345e+00, 6.3887448276e+01, 3.9954482759e+00, 1.5976827586e+01
59000, -7.9861694915e+00, 6.3889355932e+01, 3.9955254237e+00, 1.5977220339e+01
60000, -7.9862666667e+00, 6.3890133333e+01, 3.9955666667e+00, 1.5977400000e+01
61000, -7.9859672131e+00, 6.3887737705e+01, 3.9954754098e+00, 1.5976918033e+01
62000, -7.9861935484e+00, 6.3889548387e+01, 3.9955483871e+00, 1.5977290323e+01
63000, -7.9862857143e+00, 6.3890285714e+01, 3.9955873016e+00, 1.5977460317e+01
64000, -7.9865000000e+00, 6.3892000000e+01, 3.9956562500e+00, 1.5977812500e+01
65000, -7.9862153846e+00, 6.3889723077e+01, 3.9955076923e+00, 1.5977230769e+01
66000, -7.9864242424e+00, 6.3891393939e+01, 3.9955757576e+00, 1.5977575758e+01
67000, -7.9863880597e+00, 6.3891104478e+01, 3.9955522388e+00, 1.5977492537e+01
68000, -7.9865882353e+00, 6.3892705882e+01, 3.9956176471e+00, 1.5977823529e+01
69000, -7.9867826087e+00, 6.3894260870e+01, 3.9956811594e+00, 1.5978144928e+01
70000, -7.9869714286e+00, 6.3895771429e+01, 3.9957428571e+00, 1.5978457143e+01
71000, -7.9865915493e+00, 6.3892732394e+01, 3.9955492958e+00, 1.5977690141e+01
72000, -7.9864444444e+00, 6.3891555556e+01, 3.9954722222e+00, 1.5977388889e+01
73000, -7.9866301370e+00, 6.3893041096e+01, 3.9955342466e+00, 1.5977698630e+01
74000, -7.9868108108e+00, 6.3894486486e+01, 3.9955945946e+00, 1.5978000000e+01
75000, -7.9869866667e+00, 6.3895893333e+01, 3.9956533333e+00, 1.5978293333e+01
76000, -7.9870526316e+00, 6.3896421053e+01, 3.9956842105e+00, 1.5978421053e+01
77000, -7.9871168831e+00, 6.3896935065e+01, 3.9956883117e+00, 1.5978493506e+01
78000, -7.9867692308e+00, 6.3894153846e+01, 3.9956153846e+00, 1.5978000000e+01
79000, -7.9863291139e+00, 6.3890632911e+01, 3.9954683544e+00, 1.5977265823e+01
80000, -7.9864000000e+00, 6.3891200000e+01, 3.9954750000e+00, 1.5977350000e+01
81000, -7.9864691358e+00, 6.3891753086e+01, 3.9955061728e+00, 1.5977481481e+01
82000, -7.9866341463e+00, 6.3893073171e+01, 3.9955609756e+00, 1.5977756098e+01
83000, -7.9867951807e+00, 6.3894361446e+01, 3.9956144578e+00, 1.5978024096e+01
84000, -7.9869523810e+00, 6.3895619048e+01, 3.9956666667e+00, 1.5978285714e+01
85000, -7.9871058824e+00, 6.3896847059e+01, 3.9957176471e+00, 1.5978541176e+01
86000, -7.9872558140e+00, 6.3898046512e+01, 3.9957674419e+00, 1.5978790698e+01
87000, -7.9873103448e+00, 6.3898482759e+01, 3.9957701149e+00, 1.5978850575e+01
88000, -7.9872727273e+00, 6.3898181818e+01, 3.9957500000e+00, 1.5978772727e+01
89000, -7.9872359551e+00, 6.3897887640e+01, 3.9957528090e+00, 1.5978741573e+01
90000, -7.9873777778e+00, 6.3899022222e+01, 3.9958000000e+00, 1.5978977778e+01
91000, -7.9875164835e+00, 6.3900131868e+01, 3.9958461538e+00, 1.5979208791e+01
92000, -7.9876521739e+00, 6.3901217391e+01, 3.9958913043e+00, 1.5979434783e+01
93000, -7.9877849462e+00, 6.3902279570e+01, 3.9959354839e+00, 1.5979655914e+01
94000, -7.9877446809e+00, 6.3901957447e+01, 3.9959148936e+00, 1.5979574468e+01
95000, -7.9878736842e+00, 6.3902989474e+01, 3.9959578947e+00, 1.5979789474e+01
96000, -7.9880000000e+00, 6.3904000000e+01, 3.9960000000e+00, 1.5980000000e+01
97000, -7.9881237113e+00, 6.3904989691e+01, 3.9960412371e+00, 1.5980206186e+01
98000, -7.9880000000e+00, 6.3904000000e+01, 3.9960204082e+00, 1.5980040816e+01
99000, -7.9878787879e+00, 6.3903030303e+01, 3.9959797980e+00, 1.5979838384e+01
100000, -7.9880000000e+00, 6.3904000000e+01, 3.9960200000e+00, 1.5980040000e+01
101000, -7.9881188119e+00, 6.3904950495e+01, 3.9960594059e+00, 1.5980237624e+01
102000, -7.9882352941e+00, 6.3905882353e+01, 3.9960980392e+00, 1.5980431373e+01
103000, -7.9883495146e+00, 6.3906796117e+01, 3.9961359223e+00, 1.5980621359e+01
104000, -7.9884615385e+00, 6.3907692308e+01, 3.9961730769e+00, 1.5980807692e+01
105000, -7.9881904762e+00, 6.3905523810e+01, 3.9960952381e+00, 1.5980380952e+01
106000, -7.9883018868e+00, 6.3906415094e+01, 3.9961320755e+00, 1.5980566038e+01
107000, -7.9881869159e+00, 6.3905495327e+01, 3.9960747664e+00, 1.5980336449e+01
108000, -7.9879259259e+00, 6.3903407407e+01, 3.9960185185e+00, 1.5979962963e+01
109000, -7.9880366972e+00, 6.3904293578e+01, 3.9960550459e+00, 1.5980146789e+01
110000, -7.9881454545e+00, 6.3905163636e+01, 3.9960909091e+00, 1.5980327273e+01
111000, -7.9881081081e+00, 6.3904864865e+01, 3.9960720721e+00, 1.5980252252e+01
112000, -7.9882142857e+00, 6.3905714286e+01, 3.9961071429e+00, 1.5980428571e+01
113000, -7.9882477876e+00, 6.3905982301e+01, 3.9961238938e+00, 1.5980495575e+01
114000, -7.9883508772e+00, 6.3906807018e+01, 3.9961578947e+00, 1.5980666667e+01
115000, -7.9880347826e+00, 6.3904278261e+01, 3.9960347826e+00, 1.5980104348e+01
116000, -7.9880689655e+00, 6.3904551724e+01, 3.9960517241e+00, 1.5980172414e+01
117000, -7.9881709402e+00, 6.3905367521e+01, 3.9960854701e+00, 1.5980341880e+01
118000, -7.9882711864e+00, 6.3906169492e+01, 3.9961186441e+00, 1.5980508475e+01
119000, -7.9883697479e+00, 6.3906957983e+01, 3.9961512605e+00, 1.5980672269e+01
120000, -7.9884666667e+00, 6.3907733333e+01, 3.9961833333e+00, 1.5980833333e+01
121000, -7.9884297521e+00, 6.3907438017e+01, 3.9961818182e+00, 1.5980793388e+01
122000, -7.9885245902e+00, 6.3908196721e+01, 3.9962131148e+00, 1.5980950820e+01
123000, -7.9884878049e+00, 6.3907902439e+01, 3.9961951220e+00, 1.5980878049e+01
124000, -7.9881935484e+00, 6.3905548387e+01, 3.9960645161e+00, 1.5980322581e+01
125000, -7.9880960000e+00, 6.3904768000e+01, 3.9960000000e+00, 1.5980096000e+01
126000, -7.9881904762e+00, 6.3905523810e+01, 3.9960317460e+00, 1.5980253968e+01
127000, -7.9882834646e+00, 6.3906267717e+01, 3.9960629921e+00, 1.5980409449e+01
128000, -7.9878750000e+00, 6.3903000000e+01, 3.9959375000e+00, 1.5979750000e+01
129000, -7.9879689922e+00, 6.3903751938e+01, 3.9959689922e+00, 1.5979906977e+01
130000, -7.9880615385e+00, 6.3904492308e+01, 3.9960000000e+00, 1.5980061538e+01
131000, -7.9880305344e+00, 6.3904244275e+01, 3.9959694656e+00, 1.5979969466e+01
132000, -7.9881212121e+00, 6.3904969697e+01, 3.9960000000e+00, 1.5980121212e+01
133000, -7.9882105263e+00, 6.3905684211e+01, 3.9960300752e+00, 1.5980270677e+01
134000, -7.9881791045e+00, 6.3905432836e+01, 3.9960298507e+00, 1.5980238806e+01
135000, -7.9882666667e+00, 6.3906133333e+01, 3.9960592593e+00, 1.5980385185e+01
136000, -7.9883529412e+00, 6.3906823529e+01, 3.9960882353e+00, 1.5980529412e+01
137000, -7.9883795620e+00, 6.3907036496e+01, 3.9961021898e+00, 1.5980583942e+01
138000, -7.9884637681e+00, 6.3907710145e+01, 3.9961304348e+00, 1.5980724638e+01
139000, -7.9883741007e+00, 6.3906992806e+01, 3.9961151079e+00, 1.5980604317e+01
140000, -7.9882857143e+00, 6.3906285714e+01, 3.9960857143e+00, 1.5980457143e+01
141000, -7.9883687943e+00, 6.3906950355e+01, 3.9961134752e+00, 1.5980595745e+01
142000, -7.9884507042e+00, 6.3907605634e+01, 3.9961408451e+00, 1.5980732394e+01
143000, -7.9885314685e+00, 6.3908251748e+01, 3.9961678322e+00, 1.5980867133e+01
144000, -7.9886111111e+00, 6.3908888889e+01, 3.9961944444e+00, 1.5981000000e+01
145000, -7.9884137931e+00, 6.3907310345e+01, 3.9961379310e+00, 1.5980689655e+01
146000, -7.9884931507e+00, 6.3907945205e+01, 3.9961643836e+00, 1.5980821918e+01
147000, -7.9885714286e+00, 6.3908571429e+01, 3.9961904762e+00, 1.5980952381e+01
148000, -7.9886486486e+00, 6.3909189189e+01, 3.9962162162e+00, 1.5981081081e+01
149000, -7.9886174497e+00, 6.3908939597e+01, 3.9962147651e+00, 1.5981046980e+01
150000, -7.9886933333e+00, 6.3909546667e+01, 3.9962400000e+00, 1.5981173333e+01
151000, -7.9887682119e+00, 6.3910145695e+01, 3.9962649007e+00, 1.5981298013e+01
152000, -7.9887894737e+00, 6.3910315789e+01, 3.9962763158e+00, 1.5981342105e+01
153000, -7.9888627451e+00, 6.3910901961e+01, 3.9963006536e+00, 1.5981464052e+01
154000, -7.9888311688e+00, 6.3910649351e+01, 3.9962727273e+00, 1.5981376623e+01
155000, -7.9889032258e+00, 6.3911225806e+01, 3.9962967742e+00, 1.5981496774e+01
156000, -7.9889743590e+00, 6.3911794872e+01, 3.9963205128e+00, 1.5981615385e+01
157000, -7.9887388535e+00, 6.3909910828e+01, 3.9962165605e+00, 1.5981171975e+01
158000, -7.9887088608e+00, 6.3909670886e+01, 3.9962025316e+00, 1.5981113924e+01
159000, -7.9886289308e+00, 6.3909031447e+01, 3.9961635220e+00, 1.5980955975e+01
160000, -7.9886500000e+00, 6.3909200000e+01, 3.9961750000e+00, 1.5981000000e+01
161000, -7.9887204969e+00, 6.3909763975e+01, 3.9961987578e+00, 1.5981118012e+01
162000, -7.9881481481e+00, 6.3905185185e+01, 3.9960246914e+00, 1.5980197531e+01
163000, -7.9880245399e+00, 6.3904196319e+01, 3.9959754601e+00, 1.5979975460e+01
164000, -7.9879512195e+00, 6.3903609756e+01, 3.9959512195e+00, 1.5979853659e+01
165000, -7.9880242424e+00, 6.3904193939e+01, 3.9959757576e+00, 1.5979975758e+01
166000, -7.9879036145e+00, 6.3903228916e+01, 3.9959518072e+00, 1.5979807229e+01
167000, -7.9878802395e+00, 6.3903041916e+01, 3.9959281437e+00, 1.5979736527e+01
168000, -7.9879523810e+00, 6.3903619048e+01, 3.9959523810e+00, 1.5979857143e+01
169000, -7.9878816568e+00, 6.3903053254e+01, 3.9959408284e+00, 1.5979763314e+01
170000, -7.9877647059e+00, 6.3902117647e+01, 3.9959176471e+00, 1.5979600000e+01
171000, -7.9877426901e+00, 6.3901941520e+01, 3.9959181287e+00, 1.5979578947e+01
172000, -7.9878139535e+00, 6.3902511628e+01, 3.9959418605e+00, 1.5979697674e+01
173000, -7.9876069364e+00, 6.3900855491e+01, 3.9958843931e+00, 1.5979375723e+01
174000, -7.9875862069e+00, 6.3900689655e+01, 3.9958620690e+00, 1.5979310345e+01
175000, -7.9876571429e+00, 6.3901257143e+01, 3.9958857143e+00, 1.5979428571e+01
176000, -7.9877272727e+00, 6.3901818182e+01, 3.9959090909e+00, 1.5979545455e+01
177000, -7.9877966102e+00, 6.3902372881e+01, 3.9959322034e+00, 1.5979661017e+01
178000, -7.9878202247e+00, 6.3902561798e+01, 3.9959438202e+00, 1.5979707865e+01
179000, -7.9878882682e+00, 6.3903106145e+01, 3.9959664804e+00, 1.5979821229e+01
180000, -7.9879555556e+00, 6.3903644444e+01, 3.9959888889e+00, 1.5979933333e+01
181000, -7.9880220994e+00, 6.3904176796e+01, 3.9960110497e+00, 1.5980044199e+01
182000, -7.9880000000e+00, 6.3904000000e+01, 3.9960000000e+00, 1.5980000000e+01
183000, -7.9879781421e+00, 6.3903825137e+01, 3.9960000000e+00, 1.5979978142e+01
184000, -7.9878695652e+00, 6.3902956522e+01, 3.9959565217e+00, 1.5979782609e+01
185000, -7.9879351351e+00, 6.3903481081e+01, 3.9959783784e+00, 1.5979891892e+01
186000, -7.9879139785e+00, 6.3903311828e+01, 3.9959677419e+00, 1.5979849462e+01
187000, -7.9879358289e+00, 6.3903486631e+01, 3.9959786096e+00, 1.5979893048e+01
188000, -7.9879148936e+00, 6.3903319149e+01, 3.9959787234e+00, 1.5979872340e+01
189000, -7.9879788360e+00, 6.3903830688e+01, 3.9960000000e+00, 1.5979978836e+01
190000, -7.9877052632e+00, 6.3901642105e+01, 3.9959263158e+00, 1.5979557895e+01
191000, -7.9877277487e+00, 6.3901821990e+01, 3.9959371728e+00, 1.5979602094e+01
192000, -7.9877916667e+00, 6.3902333333e+01, 3.9959583333e+00, 1.5979708333e+01
193000, -7.9878134715e+00, 6.3902507772e+01, 3.9959689119e+00, 1.5979751295e+01
194000, -7.9878350515e+00, 6.3902680412e+01, 3.9959690722e+00, 1.5979773196e+01
195000, -7.9878564103e+00, 6.3902851282e+01, 3.9959794872e+00, 1.5979815385e+01
196000, -7.9879183673e+00, 6.3903346939e+01, 3.9960000000e+00, 1.5979918367e+01
197000, -7.9879390863e+00, 6.3903512690e+01, 3.9960101523e+00, 1.5979959391e+01
198000, -7.9880000000e+00, 6.3904000000e+01, 3.9960303030e+00, 1.5980060606e+01
199000, -7.9880201005e+00, 6.3904160804e+01, 3.9960402010e+00, 1.5980100503e+01
200000, -7.9878800000e+00, 6.3903040000e+01, 3.9959800000e+00, 1.5979840000e+01
201000, -7.9879402985e+00, 6.3903522388e+01, 3.9960000000e+00, 1.5979940299e+01
202000, -7.9880000000e+00, 6.3904000000e+01, 3.9960198020e+00, 1.5980039604e+01
203000, -7.9880591133e+00, 6.3904472906e+01, 3.9960394089e+00, 1.5980137931e+01
204000, -7.9878431373e+00, 6.3902745098e+01, 3.9959607843e+00, 1.5979764706e+01
205000, -7.9878243902e+00, 6.3902595122e+01, 3.9959609756e+00, 1.5979746341e+01
206000, -7.9876504854e+00, 6.3901203883e+01, 3.9958932039e+00, 1.5979436893e+01
207000, -7.9876714976e+00, 6.3901371981e+01, 3.9958937198e+00, 1.5979458937e+01
208000, -7.9875384615e+00, 6.3900307692e+01, 3.9958557692e+00, 1.5979250000e+01
209000, -7.9874449761e+00, 6.3899559809e+01, 3.9958373206e+00, 1.5979119617e+01
210000, -7.9872000000e+00, 6.3897600000e+01, 3.9957523810e+00, 1.5978704762e+01
211000, -7.9872606635e+00, 6.3898085308e+01, 3.9957725118e+00, 1.5978805687e+01
212000, -7.9872452830e+00, 6.3897962264e+01, 3.9957547170e+00, 1.5978754717e+01
213000, -7.9871924883e+00, 6.3897539906e+01, 3.9957464789e+00, 1.5978685446e+01
214000, -7.9872149533e+00, 6.3897719626e+01, 3.9957570093e+00, 1.5978728972e+01
215000, -7.9872000000e+00, 6.3897600000e+01, 3.9957488372e+00, 1.5978697674e+01
216000, -7.9872592593e+00, 6.3898074074e+01, 3.9957685185e+00, 1.5978796296e+01
217000, -7.9872073733e+00, 6.3897658986e+01, 3.9957511521e+00, 1.5978709677e+01
218000, -7.9869357798e+00, 6.3895486239e+01, 3.9956513761e+00, 1.5978238532e+01
219000, -7.9869589041e+00, 6.3895671233e+01, 3.9956621005e+00, 1.5978283105e+01
220000, -7.9869818182e+00, 6.3895854545e+01, 3.9956727273e+00, 1.5978327273e+01
221000, -7.9868597285e+00, 6.3894877828e+01, 3.9956199095e+00, 1.5978099548e+01
222000, -7.9868108108e+00, 6.3894486486e+01, 3.9956036036e+00, 1.5978018018e+01
223000, -7.9867982063e+00, 6.3894385650e+01, 3.9956053812e+00, 1.5978008969e+01
224000, -7.9866071429e+00, 6.3892857143e+01, 3.9955089286e+00, 1.5977625000e+01
225000, -7.9864177778e+00, 6.3891342222e+01, 3.9954488889e+00, 1.5977315556e+01
226000, -7.9863008850e+00, 6.3890407080e+01, 3.9954247788e+00, 1.5977150442e+01
227000, -7.9863259912e+00, 6.3890607930e+01, 3.9954361233e+00, 1.5977198238e+01
228000, -7.9863508772e+00, 6.3890807018e+01, 3.9954473684e+00, 1.5977245614e+01
229000, -7.9864104803e+00, 6.3891283843e+01, 3.9954672489e+00, 1.5977344978e+01
230000, -7.9862260870e+00, 6.3889808696e+01, 3.9954000000e+00, 1.5977026087e+01
231000, -7.9862164502e+00, 6.3889731602e+01, 3.9953852814e+00, 1.5976987013e+01
232000, -7.9862758621e+00, 6.3890206897e+01, 3.9954051724e+00, 1.5977086207e+01
233000, -7.9863347639e+00, 6.3890678112e+01, 3.9954248927e+00, 1.5977184549e+01
234000, -7.9862905983e+00, 6.3890324786e+01, 3.9954188034e+00, 1.5977128205e+01
235000, -7.9862808511e+00, 6.3890246809e+01, 3.9954212766e+00, 1.5977123404e+01
236000, -7.9863050847e+00, 6.3890440678e+01, 3.9954322034e+00, 1.5977169492e+01
237000, -7.9863291139e+00, 6.3890632911e+01, 3.9954430380e+00, 1.5977215190e+01
238000, -7.9861176471e+00, 6.3888941176e+01, 3.9953613445e+00, 1.5976840336e+01
239000, -7.9861087866e+00, 6.3888870293e+01, 3.9953640167e+00, 1.5976836820e+01
240000, -7.9861666667e+00, 6.3889333333e+01, 3.9953833333e+00, 1.5976933333e+01
241000, -7.9860248963e+00, 6.3888199170e+01, 3.9953278008e+00, 1.5976680498e+01
242000, -7.9860495868e+00, 6.3888396694e+01, 3.9953305785e+00, 1.5976710744e+01
243000, -7.9860740741e+00, 6.3888592593e+01, 3.9953415638e+00, 1.5976757202e+01
244000, -7.9860327869e+00, 6.3888262295e+01, 3.9953278689e+00, 1.5976688525e+01
245000, -7.9858938776e+00, 6.3887151020e+01, 3.9952734694e+00, 1.5976440816e+01
246000, -7.9857560976e+00, 6.3886048780e+01, 3.9952439024e+00, 1.5976243902e+01
247000, -7.9857813765e+00, 6.3886251012e+01, 3.9952550607e+00, 1.5976291498e+01
248000, -7.9858387097e+00, 6.3886709677e+01, 3.9952741935e+00, 1.5976387097e+01
249000, -7.9854779116e+00, 6.3883823293e+01, 3.9951566265e+00, 1.5975791165e+01
250000, -7.9855360000e+00, 6.3884288000e+01, 3.9951760000e+00, 1.5975888000e+01
251000, -7.9854980080e+00, 6.3883984064e+01, 3.9951633466e+00, 1.5975824701e+01
252000, -7.9855238095e+00, 6.3884190476e+01, 3.9951746032e+00, 1.5975873016e+01
253000, -7.9854861660e+00, 6.3883889328e+01, 3.9951620553e+00, 1.5975810277e+01
254000, -7.9855433071e+00, 6.3884346457e+01, 3.9951811024e+00, 1.5975905512e+01
255000, -7.9855686275e+00, 6.3884549020e+01, 3.9951921569e+00, 1.5975952941e+01
256000, -7.9853750000e+00, 6.3883000000e+01, 3.9951406250e+00, 1.5975656250e+01
257000, -7.9852451362e+00, 6.3881961089e+01, 3.9950894942e+00, 1.5975424125e+01
258000, -7.9852713178e+00, 6.3882170543e+01, 3.9950930233e+00, 1.5975457364e+01
259000, -7.9852972973e+00, 6.3882378378e+01, 3.9951042471e+00, 1.5975505792e+01
260000, -7.9853230769e+00, 6.3882584615e+01, 3.9951153846e+00, 1.5975553846e+01
261000, -7.9853486590e+00, 6.3882789272e+01, 3.9951264368e+00, 1.5975601533e+01
262000, -7.9853435115e+00, 6.3882748092e+01, 3.9951297710e+00, 1.5975603053e+01
263000, -7.9853992395e+00, 6.3883193916e+01, 3.9951482890e+00, 1.5975695817e+01
264000, -7.9854545455e+00, 6.3883636364e+01, 3.9951666667e+00, 1.5975787879e+01
265000, -7.9854188679e+00, 6.3883350943e+01, 3.9951396226e+00, 1.5975698113e+01
266000, -7.9854736842e+00, 6.3883789474e+01, 3.9951578947e+00, 1.5975789474e+01
267000, -7.9855280899e+00, 6.3884224719e+01, 3.9951760300e+00, 1.5975880150e+01
268000, -7.9855223881e+00, 6.3884179104e+01, 3.9951641791e+00, 1.5975850746e+01
269000, -7.9854275093e+00, 6.3883420074e+01, 3.9951375465e+00, 1.5975702602e+01
270000, -7.9854814815e+00, 6.3883851852e+01, 3.9951555556e+00, 1.5975792593e+01
271000, -7.9853284133e+00, 6.3882627306e+01, 3.9951217712e+00, 1.5975571956e+01
272000, -7.9853529412e+00, 6.3882823529e+01, 3.9951323529e+00, 1.5975617647e+01
273000, -7.9854065934e+00, 6.3883252747e+01, 3.9951501832e+00, 1.5975706960e+01
274000, -7.9854014599e+00, 6.3883211679e+01, 3.9951386861e+00, 1.5975678832e+01
275000, -7.9854545455e+00, 6.3883636364e+01, 3.9951563636e+00, 1.5975767273e+01
276000, -7.9854782609e+00, 6.3883826087e+01, 3.9951666667e+00, 1.5975811594e+01
277000, -7.9855306859e+00, 6.3884245487e+01, 3.9951841155e+00, 1.5975898917e+01
278000, -7.9854100719e+00, 6.3883280576e+01, 3.9951582734e+00, 1.5975726619e+01
279000, -7.9853189964e+00, 6.3882551971e+01, 3.9951111111e+00, 1.5975541219e+01
280000, -7.9852285714e+00, 6.3881828571e+01, 3.9950857143e+00, 1.5975400000e+01
281000, -7.9852811388e+00, 6.3882249110e+01, 3.9951032028e+00, 1.5975487544e+01
282000, -7.9852765957e+00, 6.3882212766e+01, 3.9950992908e+00, 1.5975475177e+01
283000, -7.9853003534e+00, 6.3882402827e+01, 3.9951095406e+00, 1.5975519435e+01
284000, -7.9853521127e+00, 6.3882816901e+01, 3.9951267606e+00, 1.5975605634e+01
285000, -7.9854035088e+00, 6.3883228070e+01, 3.9951438596e+00, 1.5975691228e+01
286000, -7.9854265734e+00, 6.3883412587e+01, 3.9951468531e+00, 1.5975720280e+01
287000, -7.9852822300e+00, 6.3882257840e+01, 3.9950940767e+00, 1.5975470383e+01
288000, -7.9853333333e+00, 6.3882666667e+01, 3.9951111111e+00, 1.5975555556e+01
289000, -7.9853840830e+00, 6.3883072664e+01, 3.9951280277e+00, 1.5975640138e+01
290000, -7.9854068966e+00, 6.3883255172e+01, 3.9951310345e+00, 1.5975668966e+01
291000, -7.9853745704e+00, 6.3882996564e+01, 3.9951271478e+00, 1.5975628866e+01
292000, -7.9853424658e+00, 6.3882739726e+01, 3.9951095890e+00, 1.5975561644e+01
293000, -7.9852832765e+00, 6.3882266212e+01, 3.9950784983e+00, 1.5975440273e+01
294000, -7.9852789116e+00, 6.3882231293e+01, 3.9950816327e+00, 1.5975442177e+01
295000, -7.9852203390e+00, 6.3881762712e+01, 3.9950711864e+00, 1.5975362712e+01
296000, -7.9851891892e+00, 6.3881513514e+01, 3.9950608108e+00, 1.5975310811e+01
297000, -7.9850505051e+00, 6.3880404040e+01, 3.9950168350e+00, 1.5975084175e+01
298000, -7.9851006711e+00, 6.3880805369e+01, 3.9950335570e+00, 1.5975167785e+01
299000, -7.9851237458e+00, 6.3880989967e+01, 3.9950434783e+00, 1.5975210702e+01
300000, -7.9851200000e+00, 6.3880960000e+01, 3.9950466667e+00, 1.5975213333e+01
301000, -7.9851694352e+00, 6.3881355482e+01, 3.9950631229e+00, 1.5975295681e+01
302000, -7.9851125828e+00, 6.3880900662e+01, 3.9950397351e+00, 1.5975192053e+01
303000, -7.9851089109e+00, 6.3880871287e+01, 3.9950429043e+00, 1.5975194719e+01
304000, -7.9851578947e+00, 6.3881263158e+01, 3.9950592105e+00, 1.5975276316e+01
305000, -7.9851540984e+00, 6.3881232787e+01, 3.9950622951e+00, 1.5975278689e+01
306000, -7.9848888889e+00, 6.3879111111e+01, 3.9949738562e+00, 1.5974836601e+01
307000, -7.9848338762e+00, 6.3878671010e+01, 3.9949576547e+00, 1.5974749186e+01
308000, -7.9848311688e+00, 6.3878649351e+01, 3.9949610390e+00, 1.5974753247e+01
309000, -7.9848802589e+00, 6.3879042071e+01, 3.9949773463e+00, 1.5974834951e+01
310000, -7.9848774194e+00, 6.3879019355e+01, 3.9949806452e+00, 1.5974838710e+01
311000, -7.9848745981e+00, 6.3878996785e+01, 3.9949839228e+00, 1.5974842444e+01
312000, -7.9848717949e+00, 6.3878974359e+01, 3.9949871795e+00, 1.5974846154e+01
313000, -7.9847923323e+00, 6.3878338658e+01, 3.9949584665e+00, 1.5974709265e+01
314000, -7.9846369427e+00, 6.3877095541e+01, 3.9949044586e+00, 1.5974445860e+01
315000, -7.9845333333e+00, 6.3876266667e+01, 3.9948571429e+00, 1.5974247619e+01
316000, -7.9845316456e+00, 6.3876253165e+01, 3.9948544304e+00, 1.5974240506e+01
317000, -7.9845804416e+00, 6.3876643533e+01, 3.9948706625e+00, 1.5974321767e+01
318000, -7.9846289308e+00, 6.3877031447e+01, 3.9948867925e+00, 1.5974402516e+01
319000, -7.9845768025e+00, 6.3876614420e+01, 3.9948652038e+00, 1.5974307210e+01
320000, -7.9846000000e+00, 6.3876800000e+01, 3.9948750000e+00, 1.5974350000e+01
321000, -7.9846479751e+00, 6.3877183801e+01, 3.9948909657e+00, 1.5974429907e+01
322000, -7.9846708075e+00, 6.3877366460e+01, 3.9948944099e+00, 1.5974459627e+01
323000, -7.9847182663e+00, 6.3877746130e+01, 3.9949102167e+00, 1.5974538700e+01
324000, -7.9846172840e+00, 6.3876938272e+01, 3.9948765432e+00, 1.5974370370e+01
325000, -7.9846153846e+00, 6.3876923077e+01, 3.9948738462e+00, 1.5974363077e+01
326000, -7.9846625767e+00, 6.3877300613e+01, 3.9948895706e+00, 1.5974441718e+01
327000, -7.9846605505e+00, 6.3877284404e+01, 3.9948868502e+00, 1.5974434251e+01
328000, -7.9846829268e+00, 6.3877463415e+01, 3.9948963415e+00, 1.5974475610e+01
329000, -7.9845835866e+00, 6.3876668693e+01, 3.9948693009e+00, 1.5974322188e+01
330000, -7.9846060606e+00, 6.3876848485e+01, 3.9948787879e+00, 1.5974363636e+01
331000, -7.9846525680e+00, 6.3877220544e+01, 3.9948942598e+00, 1.5974441088e+01
332000, -7.9846987952e+00, 6.3877590361e+01, 3.9949096386e+00, 1.5974518072e+01
333000, -7.9847447447e+00, 6.3877957958e+01, 3.9949249249e+00, 1.5974594595e+01
334000, -7.9847664671e+00, 6.3878131737e+01, 3.9949281437e+00, 1.5974622754e+01
335000, -7.9848119403e+00, 6.3878495522e+01, 3.9949432836e+00, 1.5974698507e+01
336000, -7.9848095238e+00, 6.3878476190e+01, 3.9949464286e+00, 1.5974702381e+01
337000, -7.9848545994e+00, 6.3878836795e+01, 3.9949614243e+00, 1.5974777448e+01
338000, -7.9848047337e+00, 6.3878437870e+01, 3.9949467456e+00, 1.5974698225e+01
339000, -7.9847787611e+00, 6.3878230088e+01, 3.9949321534e+00, 1.5974643068e+01
340000, -7.9847764706e+00, 6.3878211765e+01, 3.9949294118e+00, 1.5974635294e+01
341000, -7.9847976540e+00, 6.3878381232e+01, 3.9949384164e+00, 1.5974674487e+01
342000, -7.9847719298e+00, 6.3878175439e+01, 3.9949356725e+00, 1.5974643275e+01
343000, -7.9846064140e+00, 6.3876851312e+01, 3.9948862974e+00, 1.5974379009e+01
344000, -7.9845813953e+00, 6.3876651163e+01, 3.9948779070e+00, 1.5974337209e+01
345000, -7.9845565217e+00, 6.3876452174e+01, 3.9948637681e+00, 1.5974284058e+01
346000, -7.9846011561e+00, 6.3876809249e+01, 3.9948786127e+00, 1.5974358382e+01
347000, -7.9846455331e+00, 6.3877164265e+01, 3.9948933718e+00, 1.5974432277e+01
348000, -7.9846436782e+00, 6.3877149425e+01, 3.9948965517e+00, 1.5974436782e+01
349000, -7.9845042980e+00, 6.3876034384e+01, 3.9948366762e+00, 1.5974177650e+01
350000, -7.9845485714e+00, 6.3876388571e+01, 3.9948514286e+00, 1.5974251429e+01
351000, -7.9845698006e+00, 6.3876558405e+01, 3.9948603989e+00, 1.5974290598e+01
352000, -7.9845000000e+00, 6.3876000000e+01, 3.9948352273e+00, 1.5974170455e+01
353000, -7.9844985836e+00, 6.3875988669e+01, 3.9948385269e+00, 1.5974175637e+01
354000, -7.9845423729e+00, 6.3876338983e+01, 3.9948531073e+00, 1.5974248588e+01
355000, -7.9845859155e+00, 6.3876687324e+01, 3.9948676056e+00, 1.5974321127e+01
356000, -7.9846292135e+00, 6.3877033708e+01, 3.9948820225e+00, 1.5974393258e+01
357000, -7.9846274510e+00, 6.3877019608e+01, 3.9948851541e+00, 1.5974397759e+01
358000, -7.9846703911e+00, 6.3877363128e+01, 3.9948994413e+00, 1.5974469274e+01
359000, -7.9847130919e+00, 6.3877704735e+01, 3.9949136490e+00, 1.5974540390e+01
360000, -7.9846444444e+00, 6.3877155556e+01, 3.9949000000e+00, 1.5974444444e+01
361000, -7.9846426593e+00, 6.3877141274e+01, 3.9949030471e+00, 1.5974448753e+01
362000, -7.9846850829e+00, 6.3877480663e+01, 3.9949171271e+00, 1.5974519337e+01
363000, -7.9846170799e+00, 6.3876936639e+01, 3.9949035813e+00, 1.5974424242e+01
364000, -7.9845934066e+00, 6.3876747253e+01, 3.9949010989e+00, 1.5974395604e+01
365000, -7.9845698630e+00, 6.3876558904e+01, 3.9948931507e+00, 1.5974356164e+01
366000, -7.9846120219e+00, 6.3876896175e+01, 3.9949071038e+00, 1.5974426230e+01
367000, -7.9846539510e+00, 6.3877231608e+01, 3.9949209809e+00, 1.5974495913e+01
368000, -7.9846739130e+00, 6.3877391304e+01, 3.9949239130e+00, 1.5974521739e+01
369000, -7.9847154472e+00, 6.3877723577e+01, 3.9949376694e+00, 1.5974590786e+01
370000, -7.9847351351e+00, 6.3877881081e+01, 3.9949459459e+00, 1.5974627027e+01
371000, -7.9846037736e+00, 6.3876830189e+01, 3.9949056604e+00, 1.5974415094e+01
372000, -7.9845161290e+00, 6.3876129032e+01, 3.9948870968e+00, 1.5974290323e+01
373000, -7.9844504021e+00, 6.3875603217e+01, 3.9948739946e+00, 1.5974198391e+01
374000, -7.9843850267e+00, 6.3875080214e+01, 3.9948556150e+00, 1.5974096257e+01
375000, -7.9843200000e+00, 6.3874560000e+01, 3.9948266667e+00, 1.5973973333e+01
376000, -7.9843617021e+00, 6.3874893617e+01, 3.9948404255e+00, 1.5974042553e+01
377000, -7.9843819629e+00, 6.3875055703e+01, 3.9948488064e+00, 1.5974079576e+01
378000, -7.9844232804e+00, 6.3875386243e+01, 3.9948624339e+00, 1.5974148148e+01
379000, -7.9844010554e+00, 6.3875208443e+01, 3.9948496042e+00, 1.5974100264e+01
380000, -7.9844421053e+00, 6.3875536842e+01, 3.9948631579e+00, 1.5974168421e+01
381000, -7.9844829396e+00, 6.3875863517e+01, 3.9948766404e+00, 1.5974236220e+01
382000, -7.9843979058e+00, 6.3875183246e+01, 3.9948586387e+00, 1.5974115183e+01
383000, -7.9843759791e+00, 6.3875007833e+01, 3.9948563969e+00, 1.5974088773e+01
384000, -7.9843333333e+00, 6.3874666667e+01, 3.9948333333e+00, 1.5974000000e+01
385000, -7.9843740260e+00, 6.3874992208e+01, 3.9948467532e+00, 1.5974067532e+01
386000, -7.9843730570e+00, 6.3874984456e+01, 3.9948445596e+00, 1.5974062176e+01
387000, -7.9843307494e+00, 6.3874645995e+01, 3.9948217054e+00, 1.5973974160e+01
388000, -7.9843711340e+00, 6.3874969072e+01, 3.9948350515e+00, 1.5974041237e+01
389000, -7.9844113111e+00, 6.3875290488e+01, 3.9948483290e+00, 1.5974107969e+01
390000, -7.9844512821e+00, 6.3875610256e+01, 3.9948615385e+00, 1.5974174359e+01
391000, -7.9843682864e+00, 6.3874946292e+01, 3.9948388747e+00, 1.5974046036e+01
392000, -7.9842448980e+00, 6.3873959184e+01, 3.9947755102e+00, 1.5973795918e+01
393000, -7.9842849873e+00, 6.3874279898e+01, 3.9947888041e+00, 1.5973862595e+01
394000, -7.9843248731e+00, 6.3874598985e+01, 3.9948020305e+00, 1.5973928934e+01
395000, -7.9843645570e+00, 6.3874916456e+01, 3.9948151899e+00, 1.5973994937e+01
396000, -7.9843838384e+00, 6.3875070707e+01, 3.9948232323e+00, 1.5974030303e+01
397000, -7.9844231738e+00, 6.3875385390e+01, 3.9948362720e+00, 1.5974095718e+01
398000, -7.9843819095e+00, 6.3875055276e+01, 3.9948190955e+00, 1.5974020101e+01
399000, -7.9842606516e+00, 6.3874085213e+01, 3.9947719298e+00, 1.5973804511e+01
400000, -7.9842000000e+00, 6.3873600000e+01, 3.9947600000e+00, 1.5973720000e+01
401000, -7.9842394015e+00, 6.3873915212e+01, 3.9947730673e+00, 1.5973785536e+01
402000, -7.9842786070e+00, 6.3874228856e+01, 3.9947860697e+00, 1.5973850746e+01
403000, -7.9840992556e+00, 6.3872794045e+01, 3.9947295285e+00, 1.5973558313e+01
404000, -7.9841386139e+00, 6.3873108911e+01, 3.9947425743e+00, 1.5973623762e+01
405000, -7.9841580247e+00, 6.3873264198e+01, 3.9947506173e+00, 1.5973659259e+01
406000, -7.9841182266e+00, 6.3872945813e+01, 3.9947339901e+00, 1.5973586207e+01
407000, -7.9841375921e+00, 6.3873100737e+01, 3.9947420147e+00, 1.5973621622e+01
408000, -7.9841764706e+00, 6.3873411765e+01, 3.9947549020e+00, 1.5973686275e+01
409000, -7.9841564792e+00, 6.3873251834e+01, 3.9947432763e+00, 1.5973643032e+01
410000, -7.9841951220e+00, 6.3873560976e+01, 3.9947560976e+00, 1.5973707317e+01
411000, -7.9842335766e+00, 6.3873868613e+01, 3.9947688564e+00, 1.5973771290e+01
412000, -7.9842718447e+00, 6.3874174757e+01, 3.9947815534e+00, 1.5973834951e+01
413000, -7.9842905569e+00, 6.3874324455e+01, 3.9947893462e+00, 1.5973869249e+01
414000, -7.9843285024e+00, 6.3874628019e+01, 3.9948019324e+00, 1.5973932367e+01
415000, -7.9842891566e+00, 6.3874313253e+01, 3.9947951807e+00, 1.5973879518e+01
416000, -7.9842884615e+00, 6.3874307692e+01, 3.9947932692e+00, 1.5973875000e+01
417000, -7.9841918465e+00, 6.3873534772e+01, 3.9947625899e+00, 1.5973717026e+01
418000, -7.9841913876e+00, 6.3873531100e+01, 3.9947655502e+00, 1.5973722488e+01
419000, -7.9841527446e+00, 6.3873221957e+01, 3.9947446301e+00, 1.5973642005e+01
420000, -7.9841904762e+00, 6.3873523810e+01, 3.9947571429e+00, 1.5973704762e+01
421000, -7.9842090261e+00, 6.3873672209e+01, 3.9947648456e+00, 1.5973738717e+01
422000, -7.9841706161e+00, 6.3873364929e+01, 3.9947535545e+00, 1.5973677725e+01
423000, -7.9842080378e+00, 6.3873664303e+01, 3.9947659574e+00, 1.5973739953e+01
424000, -7.9841886792e+00, 6.3873509434e+01, 3.9947594340e+00, 1.5973707547e+01
425000, -7.9842258824e+00, 6.3873807059e+01, 3.9947717647e+00, 1.5973769412e+01
426000, -7.9841690141e+00, 6.3873352113e+01, 3.9947464789e+00, 1.5973661972e+01
427000, -7.9841873536e+00, 6.3873498829e+01, 3.9947494145e+00, 1.5973686183e+01
428000, -7.9842056075e+00, 6.3873644860e+01, 3.9947523364e+00, 1.5973710280e+01
429000, -7.9842424242e+00, 6.3873939394e+01, 3.9947645688e+00, 1.5973771562e+01
430000, -7.9842418605e+00, 6.3873934884e+01, 3.9947581395e+00, 1.5973758140e+01
431000, -7.9842227378e+00, 6.3873781903e+01, 3.9947517401e+00, 1.5973726218e+01
432000, -7.9842592593e+00, 6.3874074074e+01, 3.9947638889e+00, 1.5973787037e+01
433000, -7.9842771363e+00, 6.3874217090e+01, 3.9947713626e+00, 1.5973819861e+01
434000, -7.9843133641e+00, 6.3874506912e+01, 3.9947834101e+00, 1.5973880184e+01
435000, -7.9842390805e+00, 6.3873912644e+01, 3.9947448276e+00, 1.5973728736e+01
436000, -7.9842752294e+00, 6.3874201835e+01, 3.9947568807e+00, 1.5973788991e+01
437000, -7.9843112128e+00, 6.3874489703e+01, 3.9947688787e+00, 1.5973848970e+01
438000, -7.9842557078e+00, 6.3874045662e+01, 3.9947397260e+00, 1.5973735160e+01
439000, -7.9842733485e+00, 6.3874186788e+01, 3.9947471526e+00, 1.5973767654e+01
440000, -7.9842181818e+00, 6.3873745455e+01, 3.9947272727e+00, 1.5973672727e+01
441000, -7.9840362812e+00, 6.3872290249e+01, 3.9946666667e+00, 1.5973369615e+01
442000, -7.9839638009e+00, 6.3871710407e+01, 3.9946515837e+00, 1.5973266968e+01
443000, -7.9839097065e+00, 6.3871277652e+01, 3.9946365688e+00, 1.5973182844e+01
444000, -7.9839459459e+00, 6.3871567568e+01, 3.9946486486e+00, 1.5973243243e+01
445000, -7.9838561798e+00, 6.3870849438e+01, 3.9946247191e+00, 1.5973105618e+01
446000, -7.9838923767e+00, 6.3871139013e+01, 3.9946367713e+00, 1.5973165919e+01
447000, -7.9839284116e+00, 6.3871427293e+01, 3.9946487696e+00, 1.5973225951e+01
448000, -7.9838750000e+00, 6.3871000000e+01, 3.9946339286e+00, 1.5973142857e+01
449000, -7.9839109131e+00, 6.3871287305e+01, 3.9946458797e+00, 1.5973202673e+01
450000, -7.9838222222e+00, 6.3870577778e+01, 3.9946222222e+00, 1.5973066667e+01
451000, -7.9837694013e+00, 6.3870155211e+01, 3.9946075388e+00, 1.5972984479e+01
452000, -7.9837699115e+00, 6.3870159292e+01, 3.9946017699e+00, 1.5972973451e+01
453000, -7.9837880795e+00, 6.3870304636e+01, 3.9946092715e+00, 1.5973006623e+01
454000, -7.9837533040e+00, 6.3870026432e+01, 3.9946035242e+00, 1.5972960352e+01
455000, -7.9837538462e+00, 6.3870030769e+01, 3.9946065934e+00, 1.5972967033e+01
456000, -7.9837894737e+00, 6.3870315789e+01, 3.9946184211e+00, 1.5973026316e+01
457000, -7.9838249453e+00, 6.3870599562e+01, 3.9946301969e+00, 1.5973085339e+01
458000, -7.9838427948e+00, 6.3870742358e+01, 3.9946375546e+00, 1.5973117904e+01
459000, -7.9838082789e+00, 6.3870466231e+01, 3.9946230937e+00, 1.5973054466e+01
460000, -7.9837913043e+00, 6.3870330435e+01, 3.9946086957e+00, 1.5973008696e+01
461000, -7.9837570499e+00, 6.3870056399e+01, 3.9945943601e+00, 1.5972945770e+01
462000, -7.9837575758e+00, 6.3870060606e+01, 3.9945930736e+00, 1.5972943723e+01
463000, -7.9836889849e+00, 6.3869511879e+01, 3.9945701944e+00, 1.5972829374e+01
464000, -7.9837068966e+00, 6.3869655172e+01, 3.9945775862e+00, 1.5972862069e+01
465000, -7.9837419355e+00, 6.3869935484e+01, 3.9945892473e+00, 1.5972920430e+01
466000, -7.9836566524e+00, 6.3869253219e+01, 3.9945579399e+00, 1.5972772532e+01
467000, -7.9836745182e+00, 6.3869396146e+01, 3.9945653105e+00, 1.5972805139e+01
468000, -7.9837094017e+00, 6.3869675214e+01, 3.9945769231e+00, 1.5972863248e+01
469000, -7.9837441365e+00, 6.3869953092e+01, 3.9945884861e+00, 1.5972921109e+01
470000, -7.9837617021e+00, 6.3870093617e+01, 3.9945914894e+00, 1.5972944681e+01
471000, -7.9837961783e+00, 6.3870369427e+01, 3.9946029724e+00, 1.5973002123e+01
472000, -7.9838305085e+00, 6.3870644068e+01, 3.9946144068e+00, 1.5973059322e+01
473000, -7.9838646934e+00, 6.3870917548e+01, 3.9946257928e+00, 1.5973116279e+01
474000, -7.9838481013e+00, 6.3870784810e+01, 3.9946202532e+00, 1.5973088608e+01
475000, -7.9838652632e+00, 6.3870922105e+01, 3.9946273684e+00, 1.5973120000e+01
476000, -7.9837983193e+00, 6.3870386555e+01, 3.9946008403e+00, 1.5973000000e+01
477000, -7.9837987421e+00, 6.3870389937e+01, 3.9946037736e+00, 1.5973006289e+01
478000, -7.9838326360e+00, 6.3870661088e+01, 3.9946150628e+00, 1.5973062762e+01
479000, -7.9838162839e+00, 6.3870530271e+01, 3.9946137787e+00, 1.5973043841e+01
480000, -7.9837333333e+00, 6.3869866667e+01, 3.9945875000e+00, 1.5972908333e+01
481000, -7.9837338877e+00, 6.3869871102e+01, 3.9945904366e+00, 1.5972914761e+01
482000, -7.9837676349e+00, 6.3870141079e+01, 3.9946016598e+00, 1.5972970954e+01
483000, -7.9838012422e+00, 6.3870409938e+01, 3.9946128364e+00, 1.5973026915e+01
484000, -7.9838016529e+00, 6.3870413223e+01, 3.9946074380e+00, 1.5973016529e+01
485000, -7.9838350515e+00, 6.3870680412e+01, 3.9946185567e+00, 1.5973072165e+01
486000, -7.9838683128e+00, 6.3870946502e+01, 3.9946296296e+00, 1.5973127572e+01
487000, -7.9839014374e+00, 6.3871211499e+01, 3.9946406571e+00, 1.5973182752e+01
488000, -7.9839180328e+00, 6.3871344262e+01, 3.9946475410e+00, 1.5973213115e+01
489000, -7.9836564417e+00, 6.3869251534e+01, 3.9945439673e+00, 1.5972744376e+01
490000, -7.9836571429e+00, 6.3869257143e+01, 3.9945469388e+00, 1.5972751020e+01
491000, -7.9836089613e+00, 6.3868871690e+01, 3.9945254582e+00, 1.5972659878e+01
492000, -7.9835934959e+00, 6.3868747967e+01, 3.9945203252e+00, 1.5972634146e+01
493000, -7.9836267748e+00, 6.3869014199e+01, 3.9945314402e+00, 1.5972689655e+01
494000, -7.9836275304e+00, 6.3869020243e+01, 3.9945344130e+00, 1.5972696356e+01
495000, -7.9836606061e+00, 6.3869284848e+01, 3.9945454545e+00, 1.5972751515e+01
496000, -7.9835483871e+00, 6.3868387097e+01, 3.9945120968e+00, 1.5972572581e+01
497000, -7.9835653924e+00, 6.3868523139e+01, 3.9945191147e+00, 1.5972603622e+01
498000, -7.9835823293e+00, 6.3868658635e+01, 3.9945261044e+00, 1.5972634538e+01
499000, -7.9836152305e+00, 6.3868921844e+01, 3.9945370741e+00, 1.5972689379e+01
500000, -7.9836160000e+00, 6.3868928000e+01, 3.9945360000e+00, 1.5972688000e+01
501000, -7.9835528942e+00, 6.3868423154e+01, 3.9945109780e+00, 1.5972574850e+01
502000, -7.9835378486e+00, 6.3868302789e+01, 3.9945099602e+00, 1.5972557769e+01
503000, -7.9834910537e+00, 6.3867928429e+01, 3.9945009940e+00, 1.5972493042e+01
504000, -7.9834761905e+00, 6.3867809524e+01, 3.9944920635e+00, 1.5972460317e+01
505000, -7.9834772277e+00, 6.3867817822e+01, 3.9944871287e+00, 1.5972451485e+01
506000, -7.9835098814e+00, 6.3868079051e+01, 3.9944980237e+00, 1.5972505929e+01
507000, -7.9835424063e+00, 6.3868339250e+01, 3.9945088757e+00, 1.5972560158e+01
508000, -7.9835748031e+00, 6.3868598425e+01, 3.9945196850e+00, 1.5972614173e+01
509000, -7.9836070727e+00, 6.3868856582e+01, 3.9945304519e+00, 1.5972667976e+01
510000, -7.9835921569e+00, 6.3868737255e+01, 3.9945254902e+00, 1.5972643137e+01
511000, -7.9836242661e+00, 6.3868994129e+01, 3.9945362035e+00, 1.5972696673e+01
512000, -7.9836562500e+00, 6.3869250000e+01, 3.9945468750e+00, 1.5972750000e+01
513000, -7.9836413255e+00, 6.3869130604e+01, 3.9945458090e+00, 1.5972732943e+01
514000, -7.9836108949e+00, 6.3868887160e+01, 3.9945369650e+00, 1.5972684825e+01
515000, -7.9835650485e+00, 6.3868520388e+01, 3.9945126214e+00, 1.5972590291e+01
516000, -7.9835968992e+00, 6.3868775194e+01, 3.9945232558e+00, 1.5972643411e+01
517000, -7.9836286267e+00, 6.3869029014e+01, 3.9945338491e+00, 1.5972696325e+01
518000, -7.9836293436e+00, 6.3869034749e+01, 3.9945328185e+00, 1.5972694981e+01
519000, -7.9836146435e+00, 6.3868917148e+01, 3.9945317919e+00, 1.5972678227e+01
520000, -7.9835846154e+00, 6.3868676923e+01, 3.9945269231e+00, 1.5972638462e+01
521000, -7.9836161228e+00, 6.3868928983e+01, 3.9945374280e+00, 1.5972690979e+01
522000, -7.9836475096e+00, 6.3869180077e+01, 3.9945478927e+00, 1.5972743295e+01
523000, -7.9836787763e+00, 6.3869430210e+01, 3.9945583174e+00, 1.5972795411e+01
524000, -7.9837099237e+00, 6.3869679389e+01, 3.9945687023e+00, 1.5972847328e+01
525000, -7.9836647619e+00, 6.3869318095e+01, 3.9945523810e+00, 1.5972769524e+01
526000, -7.9836958175e+00, 6.3869566540e+01, 3.9945627376e+00, 1.5972821293e+01
527000, -7.9837115750e+00, 6.3869692600e+01, 3.9945692600e+00, 1.5972850095e+01
528000, -7.9837424242e+00, 6.3869939394e+01, 3.9945795455e+00, 1.5972901515e+01
529000, -7.9836824197e+00, 6.3869459357e+01, 3.9945633270e+00, 1.5972809074e+01
530000, -7.9836075472e+00, 6.3868860377e+01, 3.9945433962e+00, 1.5972694340e+01
531000, -7.9836233522e+00, 6.3868986817e+01, 3.9945499058e+00, 1.5972723164e+01
532000, -7.9835639098e+00, 6.3868511278e+01, 3.9945300752e+00, 1.5972624060e+01
533000, -7.9835947467e+00, 6.3868757974e+01, 3.9945403377e+00, 1.5972675422e+01
534000, -7.9836104869e+00, 6.3868883895e+01, 3.9945468165e+00, 1.5972704120e+01
535000, -7.9836411215e+00, 6.3869128972e+01, 3.9945570093e+00, 1.5972755140e+01
536000, -7.9836417910e+00, 6.3869134328e+01, 3.9945522388e+00, 1.5972746269e+01
537000, -7.9835977654e+00, 6.3868782123e+01, 3.9945363128e+00, 1.5972670391e+01
538000, -7.9836282528e+00, 6.3869026022e+01, 3.9945464684e+00, 1.5972721190e+01
539000, -7.9835695733e+00, 6.3868556586e+01, 3.9945157699e+00, 1.5972601113e+01
540000, -7.9835703704e+00, 6.3868562963e+01, 3.9945148148e+00, 1.5972600000e+01
541000, -7.9835859519e+00, 6.3868687616e+01, 3.9945175601e+00, 1.5972621072e+01
542000, -7.9835424354e+00, 6.3868339483e+01, 3.9945055351e+00, 1.5972553506e+01
543000, -7.9835727440e+00, 6.3868581952e+01, 3.9945156538e+00, 1.5972604052e+01
544000, -7.9836029412e+00, 6.3868823529e+01, 3.9945257353e+00, 1.5972654412e+01
545000, -7.9834862385e+00, 6.3867889908e+01, 3.9944917431e+00, 1.5972469725e+01
546000, -7.9833992674e+00, 6.3867194139e+01, 3.9944578755e+00, 1.5972315018e+01
547000, -7.9833418647e+00, 6.3866734918e+01, 3.9944351005e+00, 1.5972212066e+01
548000, -7.9833722628e+00, 6.3866978102e+01, 3.9944452555e+00, 1.5972262774e+01
549000, -7.9833442623e+00, 6.3866754098e+01, 3.9944371585e+00, 1.5972218579e+01
550000, -7.9833309091e+00, 6.3866647273e+01, 3.9944327273e+00, 1.5972196364e+01
551000, -7.9833611615e+00, 6.3866889292e+01, 3.9944428312e+00, 1.5972246824e+01
552000, -7.9833768116e+00, 6.3867014493e+01, 3.9944492754e+00, 1.5972275362e+01
553000, -7.9833490054e+00, 6.3866792043e+01, 3.9944412297e+00, 1.5972231465e+01
554000, -7.9833501805e+00, 6.3866801444e+01, 3.9944404332e+00, 1.5972231047e+01
555000, -7.9833225225e+00, 6.3866580180e+01, 3.9944288288e+00, 1.5972180180e+01
556000, -7.9833093525e+00, 6.3866474820e+01, 3.9944280576e+00, 1.5972165468e+01
557000, -7.9833249551e+00, 6.3866599641e+01, 3.9944308797e+00, 1.5972186715e+01
558000, -7.9833548387e+00, 6.3866838710e+01, 3.9944408602e+00, 1.5972236559e+01
559000, -7.9833846154e+00, 6.3867076923e+01, 3.9944508050e+00, 1.5972286225e+01
560000, -7.9833142857e+00, 6.3866514286e+01, 3.9944285714e+00, 1.5972171429e+01
561000, -7.9832442068e+00, 6.3865953654e+01, 3.9944064171e+00, 1.5972057041e+01
562000, -7.9832455516e+00, 6.3865964413e+01, 3.9944021352e+00, 1.5972049822e+01
563000, -7.9832753108e+00, 6.3866202487e+01, 3.9944120782e+00, 1.5972099467e+01
564000, -7.9832765957e+00, 6.3866212766e+01, 3.9944113475e+00, 1.5972099291e+01
565000, -7.9833061947e+00, 6.3866449558e+01, 3.9944212389e+00, 1.5972148673e+01
566000, -7.9833074205e+00, 6.3866459364e+01, 3.9944240283e+00, 1.5972155477e+01
567000, -7.9833086420e+00, 6.3866469136e+01, 3.9944232804e+00, 1.5972155203e+01
568000, -7.9833380282e+00, 6.3866704225e+01, 3.9944330986e+00, 1.5972204225e+01
569000, -7.9833110721e+00, 6.3866488576e+01, 3.9944217926e+00, 1.5972154657e+01
570000, -7.9833403509e+00, 6.3866722807e+01, 3.9944315789e+00, 1.5972203509e+01
571000, -7.9833695271e+00, 6.3866956217e+01, 3.9944413310e+00, 1.5972252189e+01
572000, -7.9833006993e+00, 6.3866405594e+01, 3.9944160839e+00, 1.5972132867e+01
573000, -7.9833158813e+00, 6.3866527051e+01, 3.9944223386e+00, 1.5972160558e+01
574000, -7.9833449477e+00, 6.3866759582e+01, 3.9944320557e+00, 1.5972209059e+01
575000, -7.9833043478e+00, 6.3866434783e+01, 3.9944243478e+00, 1.5972153043e+01
576000, -7.9833333333e+00, 6.3866666667e+01, 3.9944340278e+00, 1.5972201389e+01
577000, -7.9832928943e+00, 6.3866343154e+01, 3.9944159445e+00, 1.5972124783e+01
578000, -7.9833079585e+00, 6.3866463668e+01, 3.9944221453e+00, 1.5972152249e+01
579000, -7.9833367876e+00, 6.3866694301e+01, 3.9944317789e+00, 1.5972200345e+01
580000, -7.9833379310e+00, 6.3866703448e+01, 3.9944344828e+00, 1.5972206897e+01
581000, -7.9833115318e+00, 6.3866492255e+01, 3.9944234079e+00, 1.5972158348e+01
582000, -7.9833402062e+00, 6.3866721649e+01, 3.9944329897e+00, 1.5972206186e+01
583000, -7.9833687822e+00, 6.3866950257e+01, 3.9944425386e+00, 1.5972253859e+01
584000, -7.9833561644e+00, 6.3866849315e+01, 3.9944383562e+00, 1.5972232877e+01
585000, -7.9833709402e+00, 6.3866967521e+01, 3.9944410256e+00, 1.5972252991e+01
586000, -7.9833856655e+00, 6.3867085324e+01, 3.9944470990e+00, 1.5972279863e+01
587000, -7.9832776831e+00, 6.3866221465e+01, 3.9944190801e+00, 1.5972115843e+01
588000, -7.9833061224e+00, 6.3866448980e+01, 3.9944285714e+00, 1.5972163265e+01
589000, -7.9833344652e+00, 6.3866675722e+01, 3.9944380306e+00, 1.5972210526e+01
590000, -7.9833220339e+00, 6.3866576271e+01, 3.9944305085e+00, 1.5972183051e+01
591000, -7.9832825719e+00, 6.3866260575e+01, 3.9944162437e+00, 1.5972115059e+01
592000, -7.9833108108e+00, 6.3866486486e+01, 3.9944256757e+00, 1.5972162162e+01
593000, -7.9832984823e+00, 6.3866387858e+01, 3.9944249578e+00, 1.5972148398e+01
594000, -7.9832861953e+00, 6.3866289562e+01, 3.9944208754e+00, 1.5972127946e+01
595000, -7.9832873950e+00, 6.3866299160e+01, 3.9944201681e+00, 1.5972127731e+01
596000, -7.9833020134e+00, 6.3866416107e+01, 3.9944261745e+00, 1.5972154362e+01
597000, -7.9833299832e+00, 6.3866639866e+01, 3.9944355109e+00, 1.5972201005e+01
598000, -7.9833444816e+00, 6.3866755853e+01, 3.9944381271e+00, 1.5972220736e+01
599000, -7.9832921536e+00, 6.3866337229e+01, 3.9944173623e+00, 1.5972126878e+01
600000, -7.9833200000e+00, 6.3866560000e+01, 3.9944266667e+00, 1.5972173333e+01
601000, -7.9833477537e+00, 6.3866782030e+01, 3.9944359401e+00, 1.5972219634e+01
602000, -7.9833754153e+00, 6.3867003322e+01, 3.9944451827e+00, 1.5972265781e+01
603000, -7.9834029851e+00, 6.3867223881e+01, 3.9944543947e+00, 1.5972311774e+01
604000, -7.9834039735e+00, 6.3867231788e+01, 3.9944569536e+00, 1.5972317881e+01
605000, -7.9833520661e+00, 6.3866816529e+01, 3.9944429752e+00, 1.5972238017e+01
606000, -7.9833399340e+00, 6.3866719472e+01, 3.9944389439e+00, 1.5972217822e+01
607000, -7.9833673806e+00, 6.3866939044e+01, 3.9944481054e+00, 1.5972263591e+01
608000, -7.9833552632e+00, 6.3866842105e+01, 3.9944440789e+00, 1.5972243421e+01
609000, -7.9833825944e+00, 6.3867060755e+01, 3.9944532020e+00, 1.5972288998e+01
610000, -7.9834098361e+00, 6.3867278689e+01, 3.9944622951e+00, 1.5972334426e+01
611000, -7.9834369885e+00, 6.3867495908e+01, 3.9944713584e+00, 1.5972379705e+01
612000, -7.9833986928e+00, 6.3867189542e+01, 3.9944640523e+00, 1.5972326797e+01
613000, -7.9833996737e+00, 6.3867197390e+01, 3.9944665579e+00, 1.5972332790e+01
614000, -7.9834267101e+00, 6.3867413681e+01, 3.9944755700e+00, 1.5972377850e+01
615000, -7.9834536585e+00, 6.3867629268e+01, 3.9944845528e+00, 1.5972422764e+01
616000, -7.9834675325e+00, 6.3867740260e+01, 3.9944902597e+00, 1.5972448052e+01
617000, -7.9833646677e+00, 6.3866917342e+01, 3.9944602917e+00, 1.5972285251e+01
618000, -7.9832750809e+00, 6.3866200647e+01, 3.9944368932e+00, 1.5972148867e+01
619000, -7.9832762520e+00, 6.3866210016e+01, 3.9944361874e+00, 1.5972148627e+01
620000, -7.9833032258e+00, 6.3866425806e+01, 3.9944451613e+00, 1.5972193548e+01
621000, -7.9833301127e+00, 6.3866640902e+01, 3.9944541063e+00, 1.5972238325e+01
622000, -7.9833440514e+00, 6.3866752412e+01, 3.9944598071e+00, 1.5972263666e+01
623000, -7.9833579454e+00, 6.3866863563e+01, 3.9944654896e+00, 1.5972288925e+01
624000, -7.9833333333e+00, 6.3866666667e+01, 3.9944583333e+00, 1.5972250000e+01
625000, -7.9832832000e+00, 6.3866265600e+01, 3.9944416000e+00, 1.5972166400e+01
626000, -7.9832460064e+00, 6.3865968051e+01, 3.9944217252e+00, 1.5972089457e+01
627000, -7.9832216906e+00, 6.3865773525e+01, 3.9944146730e+00, 1.5972051037e+01
628000, -7.9832484076e+00, 6.3865987261e+01, 3.9944235669e+00, 1.5972095541e+01
629000, -7.9832496025e+00, 6.3865996820e+01, 3.9944260731e+00, 1.5972101749e+01
630000, -7.9832761905e+00, 6.3866209524e+01, 3.9944349206e+00, 1.5972146032e+01
631000, -7.9832646593e+00, 6.3866117274e+01, 3.9944310618e+00, 1.5972126783e+01
632000, -7.9832784810e+00, 6.3866227848e+01, 3.9944335443e+00, 1.5972145570e+01
633000, -7.9833048973e+00, 6.3866439179e+01, 3.9944423381e+00, 1.5972189573e+01
634000, -7.9833059937e+00, 6.3866447950e+01, 3.9944416404e+00, 1.5972189274e+01
635000, -7.9832944882e+00, 6.3866355906e+01, 3.9944377953e+00, 1.5972170079e+01
636000, -7.9832955975e+00, 6.3866364780e+01, 3.9944371069e+00, 1.5972169811e+01
637000, -7.9832967033e+00, 6.3866373626e+01, 3.9944395604e+00, 1.5972175824e+01
638000, -7.9832727273e+00, 6.3866181818e+01, 3.9944326019e+00, 1.5972137931e+01
639000, -7.9832989045e+00, 6.3866391236e+01, 3.9944413146e+00, 1.5972181534e+01
640000, -7.9833125000e+00, 6.3866500000e+01, 3.9944468750e+00, 1.5972206250e+01
641000, -7.9833385335e+00, 6.3866708268e+01, 3.9944555382e+00, 1.5972249610e+01
642000, -7.9833520249e+00, 6.3866816199e+01, 3.9944579439e+00, 1.5972267913e+01
643000, -7.9833530327e+00, 6.3866824261e+01, 3.9944603421e+00, 1.5972273717e+01
644000, -7.9833788820e+00, 6.3867031056e+01, 3.9944689441e+00, 1.5972316770e+01
645000, -7.9833302326e+00, 6.3866641860e+01, 3.9944558140e+00, 1.5972241860e+01
646000, -7.9832941176e+00, 6.3866352941e+01, 3.9944427245e+00, 1.5972179567e+01
647000, -7.9833199382e+00, 6.3866559505e+01, 3.9944513138e+00, 1.5972222566e+01
648000, -7.9832962963e+00, 6.3866370370e+01, 3.9944413580e+00, 1.5972179012e+01
649000, -7.9833097072e+00, 6.3866477658e+01, 3.9944437596e+00, 1.5972197227e+01
650000, -7.9832861538e+00, 6.3866289231e+01, 3.9944400000e+00, 1.5972166154e+01
651000, -7.9833118280e+00, 6.3866494624e+01, 3.9944485407e+00, 1.5972208909e+01
652000, -7.9833128834e+00, 6.3866503067e+01, 3.9944509202e+00, 1.5972214724e+01
653000, -7.9833261868e+00, 6.3866609495e+01, 3.9944563553e+00, 1.5972238897e+01
654000, -7.9833516820e+00, 6.3866813456e+01, 3.9944648318e+00, 1.5972281346e+01
655000, -7.9833648855e+00, 6.3866919084e+01, 3.9944671756e+00, 1.5972299237e+01
656000, -7.9833658537e+00, 6.3866926829e+01, 3.9944695122e+00, 1.5972304878e+01
657000, -7.9833302892e+00, 6.3866642314e+01, 3.9944627093e+00, 1.5972255708e+01
658000, -7.9833556231e+00, 6.3866844985e+01, 3.9944711246e+00, 1.5972297872e+01
659000, -7.9833566009e+00, 6.3866852807e+01, 3.9944734446e+00, 1.5972303490e+01
660000, -7.9833818182e+00, 6.3867054545e+01, 3.9944818182e+00, 1.5972345455e+01
661000, -7.9833222390e+00, 6.3866577912e+01, 3.9944659607e+00, 1.5972254160e+01
662000, -7.9832507553e+00, 6.3866006042e+01, 3.9944441088e+00, 1.5972138973e+01
663000, -7.9832760181e+00, 6.3866208145e+01, 3.9944524887e+00, 1.5972180995e+01
664000, -7.9832650602e+00, 6.3866120482e+01, 3.9944518072e+00, 1.5972168675e+01
665000, -7.9832421053e+00, 6.3865936842e+01, 3.9944390977e+00, 1.5972120301e+01
666000, -7.9832192192e+00, 6.3865753754e+01, 3.9944324324e+00, 1.5972084084e+01
667000, -7.9832203898e+00, 6.3865763118e+01, 3.9944317841e+00, 1.5972083958e+01
668000, -7.9832215569e+00, 6.3865772455e+01, 3.9944311377e+00, 1.5972083832e+01
669000, -7.9832466368e+00, 6.3865973094e+01, 3.9944394619e+00, 1.5972125561e+01
670000, -7.9832716418e+00, 6.3866173134e+01, 3.9944477612e+00, 1.5972167164e+01
671000, -7.9832965723e+00, 6.3866372578e+01, 3.9944560358e+00, 1.5972208644e+01
672000, -7.9833214286e+00, 6.3866571429e+01, 3.9944642857e+00, 1.5972250000e+01
673000, -7.9833462110e+00, 6.3866769688e+01, 3.9944725111e+00, 1.5972291233e+01
674000, -7.9833709199e+00, 6.3866967359e+01, 3.9944807122e+00, 1.5972332344e+01
675000, -7.9833837037e+00, 6.3867069630e+01, 3.9944829630e+00, 1.5972349630e+01
676000, -7.9833964497e+00, 6.3867171598e+01, 3.9944881657e+00, 1.5972372781e+01
677000, -7.9834091581e+00, 6.3867273264e+01, 3.9944933530e+00, 1.5972395864e+01
678000, -7.9834336283e+00, 6.3867469027e+01, 3.9945014749e+00, 1.5972436578e+01
679000, -7.9833991163e+00, 6.3867192931e+01, 3.9944918999e+00, 1.5972382916e+01
680000, -7.9834117647e+00, 6.3867294118e+01, 3.9944970588e+00, 1.5972405882e+01
681000, -7.9834008811e+00, 6.3867207048e+01, 3.9944933921e+00, 1.5972387665e+01
682000, -7.9834252199e+00, 6.3867401760e+01, 3.9945014663e+00, 1.5972428152e+01
683000, -7.9834260615e+00, 6.3867408492e+01, 3.9944978038e+00, 1.5972421669e+01
684000, -7.9834502924e+00, 6.3867602339e+01, 3.9945058480e+00, 1.5972461988e+01
685000, -7.9834744526e+00, 6.3867795620e+01, 3.9945138686e+00, 1.5972502190e+01
686000, -7.9834985423e+00, 6.3867988338e+01, 3.9945218659e+00, 1.5972542274e+01
687000, -7.9834759825e+00, 6.3867807860e+01, 3.9945123726e+00, 1.5972500728e+01
688000, -7.9835000000e+00, 6.3868000000e+01, 3.9945203488e+00, 1.5972540698e+01
689000, -7.9835239478e+00, 6.3868191582e+01, 3.9945283019e+00, 1.5972580552e+01
690000, -7.9835130435e+00, 6.3868104348e+01, 3.9945275362e+00, 1.5972568116e+01
691000, -7.9835369030e+00, 6.3868295224e+01, 3.9945354559e+00, 1.5972607815e+01
692000, -7.9835375723e+00, 6.3868300578e+01, 3.9945375723e+00, 1.5972612717e+01
693000, -7.9835613276e+00, 6.3868490620e+01, 3.9945454545e+00, 1.5972652237e+01
694000, -7.9835734870e+00, 6.3868587896e+01, 3.9945504323e+00, 1.5972674352e+01
695000, -7.9835856115e+00, 6.3868684892e+01, 3.9945525180e+00, 1.5972690647e+01
696000, -7.9835977011e+00, 6.3868781609e+01, 3.9945545977e+00, 1.5972706897e+01
697000, -7.9835982783e+00, 6.3868786227e+01, 3.9945566714e+00, 1.5972711621e+01
698000, -7.9836217765e+00, 6.3868974212e+01, 3.9945644699e+00, 1.5972750716e+01
699000, -7.9836108727e+00, 6.3868886981e+01, 3.9945608011e+00, 1.5972732475e+01
700000, -7.9836342857e+00, 6.3869074286e+01, 3.9945685714e+00, 1.5972771429e+01
701000, -7.9836576320e+00, 6.3869261056e+01, 3.9945763195e+00, 1.5972810271e+01
702000, -7.9836695157e+00, 6.3869356125e+01, 3.9945811966e+00, 1.5972831909e+01
703000, -7.9836358464e+00, 6.3869086771e+01, 3.9945689900e+00, 1.5972773826e+01
704000, -7.9836590909e+00, 6.3869272727e+01, 3.9945767045e+00, 1.5972812500e+01
705000, -7.9836822695e+00, 6.3869458156e+01, 3.9945843972e+00, 1.5972851064e+01
706000, -7.9837053824e+00, 6.3869643059e+01, 3.9945920680e+00, 1.5972889518e+01
707000, -7.9837284300e+00, 6.3869827440e+01, 3.9945997171e+00, 1.5972927864e+01
708000, -7.9836610169e+00, 6.3869288136e+01, 3.9945734463e+00, 1.5972807910e+01
709000, -7.9836276446e+00, 6.3869021157e+01, 3.9945557123e+00, 1.5972739069e+01
710000, -7.9835605634e+00, 6.3868484507e+01, 3.9945295775e+00, 1.5972619718e+01
711000, -7.9835274262e+00, 6.3868219409e+01, 3.9945175809e+00, 1.5972562588e+01
712000, -7.9835505618e+00, 6.3868404494e+01, 3.9945252809e+00, 1.5972601124e+01
713000, -7.9835624123e+00, 6.3868499299e+01, 3.9945301543e+00, 1.5972622721e+01
714000, -7.9835854342e+00, 6.3868683473e+01, 3.9945378151e+00, 1.5972661064e+01
715000, -7.9835748252e+00, 6.3868598601e+01, 3.9945370629e+00, 1.5972648951e+01
716000, -7.9835977654e+00, 6.3868782123e+01, 3.9945446927e+00, 1.5972687151e+01
717000, -7.9836094840e+00, 6.3868875872e+01, 3.9945495119e+00, 1.5972708508e+01
718000, -7.9835988858e+00, 6.3868791086e+01, 3.9945459610e+00, 1.5972690808e+01
719000, -7.9835883171e+00, 6.3868706537e+01, 3.9945452017e+00, 1.5972678720e+01
720000, -7.9835333333e+00, 6.3868266667e+01, 3.9945250000e+00, 1.5972583333e+01
721000, -7.9835228849e+00, 6.3868183079e+01, 3.9945214979e+00, 1.5972565881e+01
722000, -7.9835124654e+00, 6.3868099723e+01, 3.9945152355e+00, 1.5972542936e+01
723000, -7.9835352697e+00, 6.3868282158e+01, 3.9945228216e+00, 1.5972580913e+01
724000, -7.9835580110e+00, 6.3868464088e+01, 3.9945303867e+00, 1.5972618785e+01
725000, -7.9835806897e+00, 6.3868645517e+01, 3.9945379310e+00, 1.5972656552e+01
726000, -7.9835922865e+00, 6.3868738292e+01, 3.9945399449e+00, 1.5972672176e+01
727000, -7.9836148556e+00, 6.3868918845e+01, 3.9945474553e+00, 1.5972709766e+01
728000, -7.9836153846e+00, 6.3868923077e+01, 3.9945494505e+00, 1.5972714286e+01
729000, -7.9836268861e+00, 6.3869015089e+01, 3.9945541838e+00, 1.5972735254e+01
730000, -7.9836493151e+00, 6.3869194521e+01, 3.9945616438e+00, 1.5972772603e+01
731000, -7.9836388509e+00, 6.3869110807e+01, 3.9945554036e+00, 1.5972749658e+01
732000, -7.9836284153e+00, 6.3869027322e+01, 3.9945491803e+00, 1.5972726776e+01
733000, -7.9836507503e+00, 6.3869206003e+01, 3.9945566166e+00, 1.5972763984e+01
734000, -7.9836730245e+00, 6.3869384196e+01, 3.9945640327e+00, 1.5972801090e+01
735000, -7.9835972789e+00, 6.3868778231e+01, 3.9945442177e+00, 1.5972685714e+01
736000, -7.9836195652e+00, 6.3868956522e+01, 3.9945516304e+00, 1.5972722826e+01
737000, -7.9835875170e+00, 6.3868700136e+01, 3.9945427408e+00, 1.5972672999e+01
738000, -7.9835989160e+00, 6.3868791328e+01, 3.9945474255e+00, 1.5972693767e+01
739000, -7.9836211096e+00, 6.3868968877e+01, 3.9945548038e+00, 1.5972730717e+01
740000, -7.9836432432e+00, 6.3869145946e+01, 3.9945621622e+00, 1.5972767568e+01
741000, -7.9836113360e+00, 6.3868890688e+01, 3.9945533063e+00, 1.5972717949e+01
742000, -7.9836334232e+00, 6.3869067385e+01, 3.9945606469e+00, 1.5972754717e+01
743000, -7.9836554509e+00, 6.3869243607e+01, 3.9945679677e+00, 1.5972791386e+01
744000, -7.9836451613e+00, 6.3869161290e+01, 3.9945645161e+00, 1.5972774194e+01
745000, -7.9836671141e+00, 6.3869336913e+01, 3.9945718121e+00, 1.5972810738e+01
746000, -7.9836568365e+00, 6.3869254692e+01, 3.9945683646e+00, 1.5972793566e+01
747000, -7.9836358768e+00, 6.3869087015e+01, 3.9945622490e+00, 1.5972760375e+01
748000, -7.9836363636e+00, 6.3869090909e+01, 3.9945588235e+00, 1.5972754011e+01
749000, -7.9836368491e+00, 6.3869094793e+01, 3.9945580774e+00, 1.5972753004e+01
750000, -7.9836586667e+00, 6.3869269333e+01, 3.9945653333e+00, 1.5972789333e+01
751000, -7.9835739015e+00, 6.3868591212e+01, 3.9945352863e+00, 1.5972644474e+01
752000, -7.9835851064e+00, 6.3868680851e+01, 3.9945398936e+00, 1.5972664894e+01
753000, -7.9835537849e+00, 6.3868430279e+01, 3.9945338645e+00, 1.5972621514e+01
754000, -7.9835331565e+00, 6.3868265252e+01, 3.9945225464e+00, 1.5972578249e+01
755000, -7.9835549669e+00, 6.3868439735e+01, 3.9945298013e+00, 1.5972614570e+01
756000, -7.9835449735e+00, 6.3868359788e+01, 3.9945291005e+00, 1.5972603175e+01
757000, -7.9835667107e+00, 6.3868533686e+01, 3.9945363276e+00, 1.5972639366e+01
758000, -7.9835883905e+00, 6.3868707124e+01, 3.9945435356e+00, 1.5972675462e+01
759000, -7.9835889328e+00, 6.3868711462e+01, 3.9945428195e+00, 1.5972674572e+01
760000, -7.9836105263e+00, 6.3868884211e+01, 3.9945500000e+00, 1.5972710526e+01
761000, -7.9836110381e+00, 6.3868888305e+01, 3.9945492773e+00, 1.5972709593e+01
762000, -7.9836325459e+00, 6.3869060367e+01, 3.9945564304e+00, 1.5972745407e+01
763000, -7.9836015727e+00, 6.3868812582e+01, 3.9945452163e+00, 1.5972692005e+01
764000, -7.9834973822e+00, 6.3867979058e+01, 3.9945157068e+00, 1.5972528796e+01
765000, -7.9835084967e+00, 6.3868067974e+01, 3.9945202614e+00, 1.5972549020e+01
766000, -7.9835091384e+00, 6.3868073107e+01, 3.9945169713e+00, 1.5972543081e+01
767000, -7.9834993481e+00, 6.3867994785e+01, 3.9945136897e+00, 1.5972526728e+01
768000, -7.9835104167e+00, 6.3868083333e+01, 3.9945182292e+00, 1.5972546875e+01
769000, -7.9834590377e+00, 6.3867672302e+01, 3.9944993498e+00, 1.5972457737e+01
770000, -7.9834805195e+00, 6.3867844156e+01, 3.9945064935e+00, 1.5972493506e+01
771000, -7.9835019455e+00, 6.3868015564e+01, 3.9945136187e+00, 1.5972529183e+01
772000, -7.9835129534e+00, 6.3868103627e+01, 3.9945181347e+00, 1.5972549223e+01
773000, -7.9834721863e+00, 6.3867777490e+01, 3.9945097025e+00, 1.5972491591e+01
774000, -7.9834625323e+00, 6.3867700258e+01, 3.9945038760e+00, 1.5972470284e+01
775000, -7.9834838710e+00, 6.3867870968e+01, 3.9945109677e+00, 1.5972505806e+01
776000, -7.9835051546e+00, 6.3868041237e+01, 3.9945180412e+00, 1.5972541237e+01
777000, -7.9835160875e+00, 6.3868128700e+01, 3.9945199485e+00, 1.5972555985e+01
778000, -7.9835064267e+00, 6.3868051414e+01, 3.9945192802e+00, 1.5972544987e+01
779000, -7.9835173299e+00, 6.3868138639e+01, 3.9945237484e+00, 1.5972564827e+01
780000, -7.9835282051e+00, 6.3868225641e+01, 3.9945282051e+00, 1.5972584615e+01
781000, -7.9835288092e+00, 6.3868230474e+01, 3.9945275288e+00, 1.5972583867e+01
782000, -7.9835498721e+00, 6.3868398977e+01, 3.9945345269e+00, 1.5972618926e+01
783000, -7.9835402299e+00, 6.3868321839e+01, 3.9945338442e+00, 1.5972607918e+01
784000, -7.9835612245e+00, 6.3868489796e+01, 3.9945408163e+00, 1.5972642857e+01
785000, -7.9835719745e+00, 6.3868575796e+01, 3.9945452229e+00, 1.5972662420e+01
786000, -7.9835928753e+00, 6.3868743003e+01, 3.9945521628e+00, 1.5972697201e+01
787000, -7.9835730623e+00, 6.3868584498e+01, 3.9945489199e+00, 1.5972670902e+01
788000, -7.9834923858e+00, 6.3867939086e+01, 3.9945228426e+00, 1.5972538071e+01
789000, -7.9834220532e+00, 6.3867376426e+01, 3.9944993663e+00, 1.5972420786e+01
790000, -7.9833822785e+00, 6.3867058228e+01, 3.9944784810e+00, 1.5972339241e+01
791000, -7.9833122630e+00, 6.3866498104e+01, 3.9944475348e+00, 1.5972207332e+01
792000, -7.9833131313e+00, 6.3866505051e+01, 3.9944494949e+00, 1.5972212121e+01
793000, -7.9833341740e+00, 6.3866673392e+01, 3.9944564943e+00, 1.5972247163e+01
794000, -7.9832644836e+00, 6.3866115869e+01, 3.9944282116e+00, 1.5972120907e+01
795000, -7.9832654088e+00, 6.3866123270e+01, 3.9944276730e+00, 1.5972120755e+01
796000, -7.9832361809e+00, 6.3865889447e+01, 3.9944195980e+00, 1.5972075377e+01
797000, -7.9832572146e+00, 6.3866057716e+01, 3.9944265997e+00, 1.5972110414e+01
798000, -7.9832180451e+00, 6.3865744361e+01, 3.9944110276e+00, 1.5972040100e+01
799000, -7.9832290363e+00, 6.3865832290e+01, 3.9944155194e+00, 1.5972060075e+01
800000, -7.9832500000e+00, 6.3866000000e+01, 3.9944225000e+00, 1.5972095000e+01
801000, -7.9832609238e+00, 6.3866087391e+01, 3.9944269663e+00, 1.5972114856e+01
802000, -7.9831920200e+00, 6.3865536160e+01, 3.9944039900e+00, 1.5972000000e+01
803000, -7.9831631382e+00, 6.3865305106e+01, 3.9943910336e+00, 1.5971945205e+01
804000, -7.9831243781e+00, 6.3864995025e+01, 3.9943781095e+00, 1.5971880597e+01
805000, -7.9831453416e+00, 6.3865162733e+01, 3.9943850932e+00, 1.5971915528e+01
806000, -7.9831464020e+00, 6.3865171216e+01, 3.9943870968e+00, 1.5971920596e+01
807000, -7.9831672862e+00, 6.3865338290e+01, 3.9943940520e+00, 1.5971955390e+01
808000, -7.9831881188e+00, 6.3865504950e+01, 3.9944009901e+00, 1.5971990099e+01
809000, -7.9831594561e+00, 6.3865275649e+01, 3.9943955501e+00, 1.5971950556e+01
810000, -7.9831703704e+00, 6.3865362963e+01, 3.9944000000e+00, 1.5971970370e+01
811000, -7.9831615290e+00, 6.3865292232e+01, 3.9943970407e+00, 1.5971955610e+01
812000, -7.9831822660e+00, 6.3865458128e+01, 3.9944039409e+00, 1.5971990148e+01
813000, -7.9831832718e+00, 6.3865466175e+01, 3.9944059041e+00, 1.5971995080e+01
814000, -7.9832039312e+00, 6.3865631450e+01, 3.9944127764e+00, 1.5972029484e+01
815000, -7.9832245399e+00, 6.3865796319e+01, 3.9944196319e+00, 1.5972063804e+01
816000, -7.9832352941e+00, 6.3865882353e+01, 3.9944215686e+00, 1.5972078431e+01
817000, -7.9832264382e+00, 6.3865811506e+01, 3.9944137087e+00, 1.5972053856e+01
818000, -7.9832469438e+00, 6.3865975550e+01, 3.9944205379e+00, 1.5972088020e+01
819000, -7.9832673993e+00, 6.3866139194e+01, 3.9944273504e+00, 1.5972122100e+01
820000, -7.9832292683e+00, 6.3865834146e+01, 3.9944146341e+00, 1.5972058537e+01
821000, -7.9832009744e+00, 6.3865607795e+01, 3.9943995128e+00, 1.5972000000e+01
822000, -7.9831727494e+00, 6.3865381995e+01, 3.9943819951e+00, 1.5971936740e+01
823000, -7.9831640340e+00, 6.3865312272e+01, 3.9943815310e+00, 1.5971927096e+01
824000, -7.9831747573e+00, 6.3865398058e+01, 3.9943859223e+00, 1.5971946602e+01
825000, -7.9831466667e+00, 6.3865173333e+01, 3.9943781818e+00, 1.5971903030e+01
826000, -7.9831380145e+00, 6.3865104116e+01, 3.9943777240e+00, 1.5971893462e+01
827000, -7.9831390568e+00, 6.3865112455e+01, 3.9943772672e+00, 1.5971893591e+01
828000, -7.9831400966e+00, 6.3865120773e+01, 3.9943792271e+00, 1.5971898551e+01
829000, -7.9831604343e+00, 6.3865283474e+01, 3.9943860072e+00, 1.5971932449e+01
830000, -7.9831421687e+00, 6.3865137349e+01, 3.9943759036e+00, 1.5971893976e+01
831000, -7.9830950662e+00, 6.3864760529e+01, 3.9943634176e+00, 1.5971821901e+01
832000, -7.9831153846e+00, 6.3864923077e+01, 3.9943701923e+00, 1.5971855769e+01
833000, -7.9830876351e+00, 6.3864701080e+01, 3.9943601441e+00, 1.5971807923e+01
834000, -7.9830887290e+00, 6.3864709832e+01, 3.9943597122e+00, 1.5971808153e+01
835000, -7.9830802395e+00, 6.3864641916e+01, 3.9943592814e+00, 1.5971798802e+01
836000, -7.9829952153e+00, 6.3863961722e+01, 3.9943301435e+00, 1.5971655502e+01
837000, -7.9830155317e+00, 6.3864124253e+01, 3.9943369176e+00, 1.5971689367e+01
838000, -7.9830357995e+00, 6.3864286396e+01, 3.9943436754e+00, 1.5971723150e+01
839000, -7.9830464839e+00, 6.3864371871e+01, 3.9943480334e+00, 1.5971742551e+01
840000, -7.9830571429e+00, 6.3864457143e+01, 3.9943523810e+00, 1.5971761905e+01
841000, -7.9830677765e+00, 6.3864542212e+01, 3.9943543401e+00, 1.5971776457e+01
842000, -7.9830878860e+00, 6.3864703088e+01, 3.9943610451e+00, 1.5971809976e+01
843000, -7.9831079478e+00, 6.3864863582e+01, 3.9943677343e+00, 1.5971843416e+01
844000, -7.9831279621e+00, 6.3865023697e+01, 3.9943744076e+00, 1.5971876777e+01
845000, -7.9831479290e+00, 6.3865183432e+01, 3.9943810651e+00, 1.5971910059e+01
846000, -7.9831678487e+00, 6.3865342790e+01, 3.9943877069e+00, 1.5971943262e+01
847000, -7.9831877214e+00, 6.3865501771e+01, 3.9943943329e+00, 1.5971976387e+01
848000, -7.9832075472e+00, 6.3865660377e+01, 3.9944009434e+00, 1.5972009434e+01
849000, -7.9832084806e+00, 6.3865667845e+01, 3.9944028269e+00, 1.5972014134e+01
850000, -7.9832282353e+00, 6.3865825882e+01, 3.9944094118e+00, 1.5972047059e+01
851000, -7.9832197415e+00, 6.3865757932e+01, 3.9944089307e+00, 1.5972037603e+01
852000, -7.9832394366e+00, 6.3865915493e+01, 3.9944154930e+00, 1.5972070423e+01
853000, -7.9832497069e+00, 6.3865997655e+01, 3.9944196952e+00, 1.5972089097e+01
854000, -7.9832693208e+00, 6.3866154567e+01, 3.9944262295e+00, 1.5972121780e+01
855000, -7.9832701754e+00, 6.3866161404e+01, 3.9944233918e+00, 1.5972116959e+01
856000, -7.9832803738e+00, 6.3866242991e+01, 3.9944252336e+00, 1.5972130841e+01
857000, -7.9832905484e+00, 6.3866324387e+01, 3.9944294049e+00, 1.5972149358e+01
858000, -7.9833100233e+00, 6.3866480186e+01, 3.9944358974e+00, 1.5972181818e+01
859000, -7.9832922002e+00, 6.3866337602e+01, 3.9944284051e+00, 1.5972149010e+01
860000, -7.9833116279e+00, 6.3866493023e+01, 3.9944348837e+00, 1.5972181395e+01
861000, -7.9833310105e+00, 6.3866648084e+01, 3.9944413473e+00, 1.5972213705e+01
862000, -7.9833132251e+00, 6.3866505800e+01, 3.9944338747e+00, 1.5972180974e+01
863000, -7.9832676709e+00, 6.3866141367e+01, 3.9944217845e+00, 1.5972111240e+01
864000, -7.9832870370e+00, 6.3866296296e+01, 3.9944282407e+00, 1.5972143519e+01
865000, -7.9832786127e+00, 6.3866228902e+01, 3.9944277457e+00, 1.5972134104e+01
866000, -7.9832979215e+00, 6.3866383372e+01, 3.9944341801e+00, 1.5972166282e+01
867000, -7.9833079585e+00, 6.3866463668e+01, 3.9944359862e+00, 1.5972179931e+01
868000, -7.9832073733e+00, 6.3865658986e+01, 3.9944009217e+00, 1.5972009217e+01
869000, -7.9831898734e+00, 6.3865518987e+01, 3.9943981588e+00, 1.5971986191e+01
870000, -7.9832000000e+00, 6.3865600000e+01, 3.9944022989e+00, 1.5972004598e+01
871000, -7.9832101033e+00, 6.3865680827e+01, 3.9944064294e+00, 1.5972022962e+01
872000, -7.9832293578e+00, 6.3865834862e+01, 3.9944128440e+00, 1.5972055046e+01
873000, -7.9832485682e+00, 6.3865988545e+01, 3.9944192440e+00, 1.5972087056e+01
874000, -7.9832585812e+00, 6.3866068650e+01, 3.9944233410e+00, 1.5972105263e+01
875000, -7.9832685714e+00, 6.3866148571e+01, 3.9944251429e+00, 1.5972118857e+01
876000, -7.9832876712e+00, 6.3866301370e+01, 3.9944315068e+00, 1.5972150685e+01
877000, -7.9832793615e+00, 6.3866234892e+01, 3.9944310148e+00, 1.5972141391e+01
878000, -7.9832984055e+00, 6.3866387244e+01, 3.9944373576e+00, 1.5972173121e+01
879000, -7.9833083049e+00, 6.3866466439e+01, 3.9944391354e+00, 1.5972186576e+01
880000, -7.9833181818e+00, 6.3866545455e+01, 3.9944431818e+00, 1.5972204545e+01
881000, -7.9832644722e+00, 6.3866115778e+01, 3.9944267877e+00, 1.5972118048e+01
882000, -7.9832562358e+00, 6.3866049887e+01, 3.9944263039e+00, 1.5972108844e+01
883000, -7.9831845980e+00, 6.3865476784e+01, 3.9944031710e+00, 1.5971990940e+01
884000, -7.9832036199e+00, 6.3865628959e+01, 3.9944095023e+00, 1.5972022624e+01
885000, -7.9832135593e+00, 6.3865708475e+01, 3.9944112994e+00, 1.5972036158e+01
886000, -7.9832234763e+00, 6.3865787810e+01, 3.9944153499e+00, 1.5972054176e+01
887000, -7.9832423901e+00, 6.3865939121e+01, 3.9944216460e+00, 1.5972085682e+01
888000, -7.9832522523e+00, 6.3866018018e+01, 3.9944256757e+00, 1.5972103604e+01
889000, -7.9832710911e+00, 6.3866168729e+01, 3.9944319460e+00, 1.5972134983e+01
890000, -7.9831640449e+00, 6.3865312360e+01, 3.9943977528e+00, 1.5971959551e+01
891000, -7.9831649832e+00, 6.3865319865e+01, 3.9943973064e+00, 1.5971959596e+01
892000, -7.9831748879e+00, 6.3865399103e+01, 3.9943991031e+00, 1.5971973094e+01
893000, -7.9831668533e+00, 6.3865334826e+01, 3.9943986562e+00, 1.5971964166e+01
894000, -7.9831856823e+00, 6.3865485459e+01, 3.9944049217e+00, 1.5971995526e+01
895000, -7.9831955307e+00, 6.3865564246e+01, 3.9944089385e+00, 1.5972013408e+01
896000, -7.9832142857e+00, 6.3865714286e+01, 3.9944151786e+00, 1.5972044643e+01
897000, -7.9831794872e+00, 6.3865435897e+01, 3.9944013378e+00, 1.5971982163e+01
898000, -7.9831893096e+00, 6.3865514477e+01, 3.9944053452e+00, 1.5972000000e+01
899000, -7.9831902113e+00, 6.3865521691e+01, 3.9944026696e+00, 1.5971995551e+01
900000, -7.9832000000e+00, 6.3865600000e+01, 3.9944066667e+00, 1.5972013333e+01
901000, -7.9831831299e+00, 6.3865465039e+01, 3.9944017758e+00, 1.5971986681e+01
902000, -7.9832017738e+00, 6.3865614191e+01, 3.9944079823e+00, 1.5972017738e+01
903000, -7.9831937984e+00, 6.3865550388e+01, 3.9944075305e+00, 1.5972008859e+01
904000, -7.9832123894e+00, 6.3865699115e+01, 3.9944137168e+00, 1.5972039823e+01
905000, -7.9832132597e+00, 6.3865706077e+01, 3.9944132597e+00, 1.5972039779e+01
906000, -7.9832052980e+00, 6.3865642384e+01, 3.9944083885e+00, 1.5972022075e+01
907000, -7.9832238148e+00, 6.3865790518e+01, 3.9944145535e+00, 1.5972052922e+01
908000, -7.9832070485e+00, 6.3865656388e+01, 3.9944096916e+00, 1.5972026432e+01
909000, -7.9832255226e+00, 6.3865804180e+01, 3.9944158416e+00, 1.5972057206e+01
910000, -7.9832439560e+00, 6.3865951648e+01, 3.9944219780e+00, 1.5972087912e+01
911000, -7.9832360044e+00, 6.3865888035e+01, 3.9944215148e+00, 1.5972079034e+01
912000, -7.9832105263e+00, 6.3865684211e+01, 3.9944078947e+00, 1.5972026316e+01
913000, -7.9832113910e+00, 6.3865691128e+01, 3.9944096386e+00, 1.5972030668e+01
914000, -7.9831772429e+00, 6.3865417943e+01, 3.9943982495e+00, 1.5971973742e+01
915000, -7.9831868852e+00, 6.3865495082e+01, 3.9944000000e+00, 1.5971986885e+01
916000, -7.9832052402e+00, 6.3865641921e+01, 3.9944061135e+00, 1.5972017467e+01
917000, -7.9832235551e+00, 6.3865788441e+01, 3.9944122137e+00, 1.5972047983e+01
918000, -7.9832244009e+00, 6.3865795207e+01, 3.9944095861e+00, 1.5972043573e+01
919000, -7.9832252448e+00, 6.3865801959e+01, 3.9944113166e+00, 1.5972047878e+01
920000, -7.9832347826e+00, 6.3865878261e+01, 3.9944152174e+00, 1.5972065217e+01
921000, -7.9832356135e+00, 6.3865884908e+01, 3.9944169381e+00, 1.5972069490e+01
922000, -7.9832451193e+00, 6.3865960954e+01, 3.9944208243e+00, 1.5972086768e+01
923000, -7.9832632719e+00, 6.3866106176e+01, 3.9944268689e+00, 1.5972117010e+01
924000, -7.9832727273e+00, 6.3866181818e+01, 3.9944307359e+00, 1.5972134199e+01
925000, -7.9832389189e+00, 6.3865911351e+01, 3.9944172973e+00, 1.5972073514e+01
926000, -7.9832311015e+00, 6.3865848812e+01, 3.9944125270e+00, 1.5972056156e+01
927000, -7.9832491909e+00, 6.3865993528e+01, 3.9944185545e+00, 1.5972086300e+01
928000, -7.9832413793e+00, 6.3865931034e+01, 3.9944159483e+00, 1.5972073276e+01
929000, -7.9832594187e+00, 6.3866075350e+01, 3.9944219591e+00, 1.5972103337e+01
930000, -7.9832516129e+00, 6.3866012903e+01, 3.9944150538e+00, 1.5972081720e+01
931000, -7.9832696026e+00, 6.3866156821e+01, 3.9944210526e+00, 1.5972111708e+01
932000, -7.9832532189e+00, 6.3866025751e+01, 3.9944184549e+00, 1.5972090129e+01
933000, -7.9832711683e+00, 6.3866169346e+01, 3.9944244373e+00, 1.5972120043e+01
934000, -7.9832890792e+00, 6.3866312634e+01, 3.9944304069e+00, 1.5972149893e+01
935000, -7.9833069519e+00, 6.3866455615e+01, 3.9944363636e+00, 1.5972179679e+01
936000, -7.9833247863e+00, 6.3866598291e+01, 3.9944423077e+00, 1.5972209402e+01
937000, -7.9833340448e+00, 6.3866672359e+01, 3.9944461046e+00, 1.5972226254e+01
938000, -7.9833518124e+00, 6.3866814499e+01, 3.9944520256e+00, 1.5972255864e+01
939000, -7.9833695421e+00, 6.3866956337e+01, 3.9944579340e+00, 1.5972285410e+01
940000, -7.9833531915e+00, 6.3866825532e+01, 3.9944489362e+00, 1.5972251064e+01
941000, -7.9833708820e+00, 6.3866967056e+01, 3.9944548353e+00, 1.5972280553e+01
942000, -7.9833545648e+00, 6.3866836518e+01, 3.9944522293e+00, 1.5972259023e+01
943000, -7.9833722163e+00, 6.3866977731e+01, 3.9944581124e+00, 1.5972288441e+01
944000, -7.9833898305e+00, 6.3867118644e+01, 3.9944639831e+00, 1.5972317797e+01
945000, -7.9834074074e+00, 6.3867259259e+01, 3.9944698413e+00, 1.5972347090e+01
946000, -7.9833826638e+00, 6.3867061311e+01, 3.9944630021e+00, 1.5972308668e+01
947000, -7.9833833157e+00, 6.3867066526e+01, 3.9944625132e+00, 1.5972308342e+01
948000, -7.9834008439e+00, 6.3867206751e+01, 3.9944683544e+00, 1.5972337553e+01
949000, -7.9833846154e+00, 6.3867076923e+01, 3.9944594310e+00, 1.5972303477e+01
950000, -7.9834021053e+00, 6.3867216842e+01, 3.9944652632e+00, 1.5972332632e+01
951000, -7.9833438486e+00, 6.3866750789e+01, 3.9944458465e+00, 1.5972235542e+01
952000, -7.9833613445e+00, 6.3866890756e+01, 3.9944516807e+00, 1.5972264706e+01
953000, -7.9833788038e+00, 6.3867030430e+01, 3.9944575026e+00, 1.5972293809e+01
954000, -7.9833459119e+00, 6.3866767296e+01, 3.9944507338e+00, 1.5972247379e+01
955000, -7.9833633508e+00, 6.3866906806e+01, 3.9944565445e+00, 1.5972276440e+01
956000, -7.9833723849e+00, 6.3866979079e+01, 3.9944602510e+00, 1.5972292887e+01
957000, -7.9833479624e+00, 6.3866783699e+01, 3.9944514107e+00, 1.5972250784e+01
958000, -7.9833569937e+00, 6.3866855950e+01, 3.9944551148e+00, 1.5972267223e+01
959000, -7.9833660063e+00, 6.3866928050e+01, 3.9944588113e+00, 1.5972283629e+01
960000, -7.9833583333e+00, 6.3866866667e+01, 3.9944583333e+00, 1.5972275000e+01
961000, -7.9833257024e+00, 6.3866605619e+01, 3.9944516129e+00, 1.5972228928e+01
962000, -7.9833347193e+00, 6.3866677755e+01, 3.9944553015e+00, 1.5972245322e+01
963000, -7.9833437175e+00, 6.3866749740e+01, 3.9944589823e+00, 1.5972261682e+01
964000, -7.9833443983e+00, 6.3866755187e+01, 3.9944605809e+00, 1.5972265560e+01
965000, -7.9833367876e+00, 6.3866694301e+01, 3.9944601036e+00, 1.5972256995e+01
966000, -7.9833540373e+00, 6.3866832298e+01, 3.9944658385e+00, 1.5972285714e+01
967000, -7.9833298862e+00, 6.3866639090e+01, 3.9944591520e+00, 1.5972248190e+01
968000, -7.9833388430e+00, 6.3866710744e+01, 3.9944628099e+00, 1.5972264463e+01
969000, -7.9833560372e+00, 6.3866848297e+01, 3.9944685243e+00, 1.5972293086e+01
970000, -7.9833731959e+00, 6.3866985567e+01, 3.9944742268e+00, 1.5972321649e+01
971000, -7.9833820803e+00, 6.3867056643e+01, 3.9944778579e+00, 1.5972337796e+01
972000, -7.9833991770e+00, 6.3867193416e+01, 3.9944835391e+00, 1.5972366255e+01
973000, -7.9834162384e+00, 6.3867329908e+01, 3.9944892086e+00, 1.5972394656e+01
974000, -7.9834086242e+00, 6.3867268994e+01, 3.9944845996e+00, 1.5972377823e+01
975000, -7.9834174359e+00, 6.3867339487e+01, 3.9944882051e+00, 1.5972393846e+01
976000, -7.9834180328e+00, 6.3867344262e+01, 3.9944877049e+00, 1.5972393443e+01
977000, -7.9834186285e+00, 6.3867349028e+01, 3.9944892528e+00, 1.5972397134e+01
978000, -7.9834192229e+00, 6.3867353783e+01, 3.9944887526e+00, 1.5972396728e+01
979000, -7.9834361593e+00, 6.3867489275e+01, 3.9944943820e+00, 1.5972424923e+01
980000, -7.9834285714e+00, 6.3867428571e+01, 3.9944938776e+00, 1.5972416327e+01
981000, -7.9834454638e+00, 6.3867563710e+01, 3.9944994903e+00, 1.5972444444e+01
982000, -7.9834460285e+00, 6.3867568228e+01, 3.9944989817e+00, 1.5972443992e+01
983000, -7.9834628688e+00, 6.3867702950e+01, 3.9945045778e+00, 1.5972472024e+01
984000, -7.9834796748e+00, 6.3867837398e+01, 3.9945101626e+00, 1.5972500000e+01
985000, -7.9834802030e+00, 6.3867841624e+01, 3.9945116751e+00, 1.5972503553e+01
986000, -7.9834888438e+00, 6.3867910751e+01, 3.9945152130e+00, 1.5972519270e+01
987000, -7.9835055724e+00, 6.3868044580e+01, 3.9945207700e+00, 1.5972547112e+01
988000, -7.9834979757e+00, 6.3867983806e+01, 3.9945182186e+00, 1.5972534413e+01
989000, -7.9834984833e+00, 6.3867987867e+01, 3.9945197169e+00, 1.5972537917e+01
990000, -7.9835151515e+00, 6.3868121212e+01, 3.9945252525e+00, 1.5972565657e+01
991000, -7.9835156408e+00, 6.3868125126e+01, 3.9945227043e+00, 1.5972561049e+01
992000, -7.9835322581e+00, 6.3868258065e+01, 3.9945282258e+00, 1.5972588710e+01
993000, -7.9835246727e+00, 6.3868197382e+01, 3.9945256798e+00, 1.5972576032e+01
994000, -7.9835090543e+00, 6.3868072435e+01, 3.9945171026e+00, 1.5972543260e+01
995000, -7.9834854271e+00, 6.3867883417e+01, 3.9945085427e+00, 1.5972502513e+01
996000, -7.9834939759e+00, 6.3867951807e+01, 3.9945120482e+00, 1.5972518072e+01
997000, -7.9835105316e+00, 6.3868084253e+01, 3.9945175527e+00, 1.5972545637e+01
998000, -7.9835270541e+00, 6.3868216433e+01, 3.9945230461e+00, 1.5972573146e+01
999000, -7.9835115115e+00, 6.3868092092e+01, 3.9945185185e+00, 1.5972548549e+01
1000000, -7.9835200000e+00, 6.3868160000e+01, 3.9945220000e+00, 1.5972564000e+01
