eps, eps_squared
-1.2361000000e+00, 6.1512360000e+02
-1.1284000000e+00, 5.1445280000e+02
-1.1530000000e+00, 5.3738160000e+02
-1.1763000000e+00, 5.5617240000e+02
-1.3502000000e+00, 7.3775840000e+02
-1.1960000000e+00, 5.7898080000e+02
-1.2152000000e+00, 5.9494960000e+02
-1.1570000000e+00, 5.3901440000e+02
-1.1817000000e+00, 5.6187320000e+02
-1.1754000000e+00, 5.5625600000e+02
-1.2160000000e+00, 5.9625040000e+02
-1.3574000000e+00, 7.4363120000e+02
-1.2842000000e+00, 6.6340640000e+02
-1.3338000000e+00, 7.1612880000e+02
-1.2517000000e+00, 6.3028600000e+02
-1.2217000000e+00, 6.0288520000e+02
-1.1741000000e+00, 5.5582680000e+02
-1.2001000000e+00, 5.7946200000e+02
-1.2390000000e+00, 6.2574320000e+02
-1.2239000000e+00, 6.0536360000e+02
-1.2196000000e+00, 6.0072240000e+02
-1.2696000000e+00, 6.5671360000e+02
-1.1556000000e+00, 5.3856480000e+02
-1.2333000000e+00, 6.1331800000e+02
-1.2879000000e+00, 6.7139480000e+02
-1.4362000000e+00, 8.2996160000e+02
-1.1934000000e+00, 5.7786800000e+02
-1.1988000000e+00, 5.7993200000e+02
-1.3069000000e+00, 6.8823720000e+02
-1.3489000000e+00, 7.3295960000e+02
-1.1674000000e+00, 5.5427360000e+02
-1.1250000000e+00, 5.0890720000e+02
-1.2628000000e+00, 6.4555280000e+02
-1.2701000000e+00, 6.5082280000e+02
-1.3875000000e+00, 7.7370760000e+02
-1.3064000000e+00, 6.9030880000e+02
-1.2248000000e+00, 6.0551920000e+02
-1.2102000000e+00, 5.9685520000e+02
-1.1221000000e+00, 5.0713080000e+02
-1.2496000000e+00, 6.2913840000e+02
-1.1938000000e+00, 5.7590880000e+02
-1.1352000000e+00, 5.2152240000e+02
-1.3542000000e+00, 7.4367760000e+02
-1.2970000000e+00, 6.7953840000e+02
-1.1353000000e+00, 5.1883640000e+02
-1.1188000000e+00, 5.0481360000e+02
-1.1485000000e+00, 5.3157400000e+02
-1.1774000000e+00, 5.5947520000e+02
-1.2712000000e+00, 6.4885280000e+02
-1.2442000000e+00, 6.2804960000e+02
-1.1807000000e+00, 5.6020680000e+02
-1.3100000000e+00, 6.9319280000e+02
-1.2334000000e+00, 6.1262080000e+02
-1.4023000000e+00, 7.9816760000e+02
-1.2330000000e+00, 6.1548720000e+02
-1.2865000000e+00, 6.7313320000e+02
-1.2862000000e+00, 6.6630480000e+02
-1.2275000000e+00, 6.0704360000e+02
-1.1657000000e+00, 5.4796440000e+02
-1.1582000000e+00, 5.3951280000e+02
-1.1634000000e+00, 5.4585120000e+02
-1.1772000000e+00, 5.6032880000e+02
-1.1859000000e+00, 5.6674280000e+02
-1.3568000000e+00, 7.4549680000e+02
-1.3736000000e+00, 7.5920960000e+02
-1.3171000000e+00, 7.0255080000e+02
-1.1344000000e+00, 5.1792880000e+02
-1.1688000000e+00, 5.4940960000e+02
-1.1942000000e+00, 5.7619840000e+02
-1.1474000000e+00, 5.3022160000e+02
-1.2758000000e+00, 6.5613200000e+02
-1.1018000000e+00, 4.9099120000e+02
-1.1550000000e+00, 5.3670720000e+02
-1.2347000000e+00, 6.1501720000e+02
-1.1947000000e+00, 5.7616360000e+02
-1.1432000000e+00, 5.2751600000e+02
-1.1705000000e+00, 5.5496520000e+02
-1.1564000000e+00, 5.3826000000e+02
-1.2923000000e+00, 6.7537960000e+02
-1.2755000000e+00, 6.5440200000e+02
-1.3377000000e+00, 7.2582840000e+02
-1.1502000000e+00, 5.3968000000e+02
-1.3463000000e+00, 7.2922920000e+02
-1.1543000000e+00, 5.3846840000e+02
-1.1645000000e+00, 5.4573960000e+02
-1.2371000000e+00, 6.1873480000e+02
-1.1888000000e+00, 5.7325600000e+02
-1.2220000000e+00, 6.0187040000e+02
-1.2248000000e+00, 6.0513840000e+02
-1.1126000000e+00, 4.9871760000e+02
-1.1670000000e+00, 5.5043200000e+02
-1.1771000000e+00, 5.6375320000e+02
-1.3394000000e+00, 7.2429040000e+02
-1.1888000000e+00, 5.6876000000e+02
-1.1849000000e+00, 5.6541480000e+02
-1.2199000000e+00, 6.0436840000e+02
-1.4190000000e+00, 8.1110800000e+02
-1.3121000000e+00, 6.9462920000e+02
-1.2428000000e+00, 6.2394480000e+02
-1.2091000000e+00, 5.9080520000e+02
-1.3686000000e+00, 7.5596400000e+02
-1.3249000000e+00, 7.0735720000e+02
-1.3228000000e+00, 7.0704800000e+02
-1.1734000000e+00, 5.5434720000e+02
-1.1833000000e+00, 5.6563480000e+02
-1.2983000000e+00, 6.8010200000e+02
-1.2821000000e+00, 6.6747560000e+02
-1.3943000000e+00, 7.8446120000e+02
-1.1822000000e+00, 5.6415280000e+02
-1.3500000000e+00, 7.3564640000e+02
-1.4237000000e+00, 8.1871960000e+02
-1.2792000000e+00, 6.5944160000e+02
-1.1633000000e+00, 5.5141800000e+02
-1.1699000000e+00, 5.5132200000e+02
-1.2908000000e+00, 6.7251600000e+02
-1.2791000000e+00, 6.5911960000e+02
-1.3375000000e+00, 7.2078760000e+02
-1.2319000000e+00, 6.1213800000e+02
-1.3266000000e+00, 7.1247600000e+02
-1.3067000000e+00, 6.8770360000e+02
-1.3695000000e+00, 7.5629880000e+02
-1.3905000000e+00, 7.7812920000e+02
-1.3999000000e+00, 7.8960680000e+02
-1.2504000000e+00, 6.3536080000e+02
-1.2448000000e+00, 6.2522080000e+02
-1.1795000000e+00, 5.6266680000e+02
-1.1412000000e+00, 5.2508800000e+02
-1.3651000000e+00, 7.5115720000e+02
-1.3814000000e+00, 7.7232560000e+02
-1.2989000000e+00, 6.8107320000e+02
-1.2502000000e+00, 6.2864320000e+02
-1.0911000000e+00, 4.7899160000e+02
-1.2411000000e+00, 6.1873720000e+02
-1.2045000000e+00, 5.8650760000e+02
-1.2419000000e+00, 6.2708920000e+02
-1.3417000000e+00, 7.2800920000e+02
-1.2952000000e+00, 6.7678800000e+02
-1.3661000000e+00, 7.5248760000e+02
-1.2771000000e+00, 6.5892200000e+02
-1.2062000000e+00, 5.8870240000e+02
-1.1914000000e+00, 5.7275920000e+02
-1.1899000000e+00, 5.7195880000e+02
-1.3908000000e+00, 7.8301760000e+02
-1.2231000000e+00, 6.0493720000e+02
-1.1546000000e+00, 5.3666880000e+02
-1.2797000000e+00, 6.5981720000e+02
-1.1437000000e+00, 5.2865240000e+02
-1.1543000000e+00, 5.3665800000e+02
-1.1057000000e+00, 4.9235400000e+02
-1.2593000000e+00, 6.3983640000e+02
-1.1972000000e+00, 5.7728320000e+02
-1.1611000000e+00, 5.4360600000e+02
-1.1660000000e+00, 5.4787200000e+02
-1.1783000000e+00, 5.5835720000e+02
-1.1027000000e+00, 4.9014840000e+02
-1.1603000000e+00, 5.4241800000e+02
-1.2008000000e+00, 5.8314080000e+02
-1.1716000000e+00, 5.5358880000e+02
-1.3190000000e+00, 7.0164960000e+02
-1.2568000000e+00, 6.3888880000e+02
-1.2573000000e+00, 6.4131400000e+02
-1.2254000000e+00, 6.0337040000e+02
-1.2466000000e+00, 6.3024480000e+02
-1.1630000000e+00, 5.4425440000e+02
-1.1571000000e+00, 5.4060440000e+02
-1.2008000000e+00, 5.7979040000e+02
-1.3902000000e+00, 7.7782080000e+02
-1.2081000000e+00, 5.8679400000e+02
-1.1813000000e+00, 5.6432120000e+02
-1.1911000000e+00, 5.7088360000e+02
-1.2413000000e+00, 6.2031480000e+02
-1.2437000000e+00, 6.2609000000e+02
-1.3486000000e+00, 7.3439440000e+02
-1.2584000000e+00, 6.3766160000e+02
-1.2102000000e+00, 5.9096640000e+02
-1.4135000000e+00, 8.0438920000e+02
-1.1364000000e+00, 5.1998240000e+02
-1.1159000000e+00, 5.0217160000e+02
-1.1642000000e+00, 5.4756880000e+02
-1.2126000000e+00, 5.9544880000e+02
-1.3772000000e+00, 7.6626560000e+02
-1.4084000000e+00, 8.0078480000e+02
-1.3152000000e+00, 6.9552480000e+02
-1.1707000000e+00, 5.5251000000e+02
-1.2674000000e+00, 6.4722880000e+02
-1.1410000000e+00, 5.2421440000e+02
-1.1621000000e+00, 5.4606360000e+02
-1.1700000000e+00, 5.5254000000e+02
-1.2971000000e+00, 6.7693720000e+02
-1.2240000000e+00, 6.0900640000e+02
-1.2111000000e+00, 5.9128520000e+02
-1.2978000000e+00, 6.8038320000e+02
-1.4095000000e+00, 7.9904120000e+02
-1.3278000000e+00, 7.1609440000e+02
-1.1130000000e+00, 4.9933680000e+02
-1.1533000000e+00, 5.3909880000e+02
-1.1862000000e+00, 5.6608160000e+02
-1.1402000000e+00, 5.2487680000e+02
-1.1060000000e+00, 4.9361840000e+02
-1.2629000000e+00, 6.4135880000e+02
-1.3019000000e+00, 6.8170440000e+02
-1.1616000000e+00, 5.4283760000e+02
-1.3089000000e+00, 6.9686040000e+02
-1.3174000000e+00, 7.0175280000e+02
-1.2762000000e+00, 6.5716080000e+02
-1.3890000000e+00, 7.7707360000e+02
-1.3816000000e+00, 7.6736880000e+02
-1.2629000000e+00, 6.4330120000e+02
-1.1743000000e+00, 5.5508600000e+02
-1.1512000000e+00, 5.3200160000e+02
-1.2924000000e+00, 6.7563200000e+02
-1.2214000000e+00, 5.9982080000e+02
-1.3016000000e+00, 6.8080480000e+02
-1.3745000000e+00, 7.6293400000e+02
-1.2054000000e+00, 5.8682080000e+02
-1.3186000000e+00, 7.0144320000e+02
-1.1387000000e+00, 5.2240920000e+02
-1.1449000000e+00, 5.2903560000e+02
-1.1729000000e+00, 5.5251400000e+02
-1.2346000000e+00, 6.1610720000e+02
-1.3652000000e+00, 7.5441040000e+02
-1.2786000000e+00, 6.6146560000e+02
-1.2348000000e+00, 6.1542400000e+02
-1.1983000000e+00, 5.7885160000e+02
-1.1794000000e+00, 5.6121840000e+02
-1.1777000000e+00, 5.5963000000e+02
-1.2698000000e+00, 6.5231280000e+02
-1.1505000000e+00, 5.3335240000e+02
-1.1898000000e+00, 5.7380560000e+02
-1.3179000000e+00, 7.0055960000e+02
-1.1892000000e+00, 5.7568000000e+02
-1.1868000000e+00, 5.6584480000e+02
-1.3025000000e+00, 6.8576920000e+02
-1.3054000000e+00, 6.8549040000e+02
-1.2830000000e+00, 6.6396000000e+02
-1.2188000000e+00, 5.9822640000e+02
-1.2659000000e+00, 6.4810120000e+02
-1.3010000000e+00, 6.8152400000e+02
-1.3106000000e+00, 6.9658160000e+02
-1.1767000000e+00, 5.5863320000e+02
-1.1521000000e+00, 5.3511160000e+02
-1.2513000000e+00, 6.3751480000e+02
-1.3499000000e+00, 7.3415480000e+02
-1.3092000000e+00, 6.9318880000e+02
-1.2988000000e+00, 6.8287680000e+02
-1.2130000000e+00, 5.9251040000e+02
-1.1495000000e+00, 5.3233880000e+02
-1.2541000000e+00, 6.3548760000e+02
-1.2007000000e+00, 5.8178600000e+02
-1.1401000000e+00, 5.2229800000e+02
-1.2098000000e+00, 5.9163360000e+02
-1.3026000000e+00, 6.8310640000e+02
-1.1441000000e+00, 5.2835400000e+02
-1.2658000000e+00, 6.4591120000e+02
-1.2374000000e+00, 6.1992240000e+02
-1.3667000000e+00, 7.5637000000e+02
-1.1454000000e+00, 5.2747200000e+02
-1.2281000000e+00, 6.0853000000e+02
-1.3848000000e+00, 7.7563600000e+02
-1.3642000000e+00, 7.4891280000e+02
-1.3116000000e+00, 6.9555280000e+02
-1.2874000000e+00, 6.6727280000e+02
-1.3927000000e+00, 7.8128760000e+02
-1.3408000000e+00, 7.2341840000e+02
-1.1382000000e+00, 5.2352240000e+02
-1.3152000000e+00, 7.0221520000e+02
-1.0982000000e+00, 4.8599520000e+02
-1.2004000000e+00, 5.8317520000e+02
-1.2643000000e+00, 6.4681640000e+02
-1.3763000000e+00, 7.6322280000e+02
-1.3115000000e+00, 6.9379080000e+02
-1.3271000000e+00, 7.1303240000e+02
-1.2483000000e+00, 6.2640360000e+02
-1.1770000000e+00, 5.5797840000e+02
-1.1144000000e+00, 4.9957600000e+02
-1.1890000000e+00, 5.6922960000e+02
-1.3246000000e+00, 7.0626720000e+02
-1.2434000000e+00, 6.2503520000e+02
-1.1363000000e+00, 5.2099160000e+02
-1.1473000000e+00, 5.3928920000e+02
-1.3893000000e+00, 7.7801960000e+02
-1.2861000000e+00, 6.7240840000e+02
-1.3999000000e+00, 7.8800920000e+02
-1.2809000000e+00, 6.6274760000e+02
-1.3324000000e+00, 7.2146880000e+02
-1.1587000000e+00, 5.4171240000e+02
-1.1298000000e+00, 5.1393040000e+02
-1.2385000000e+00, 6.1914920000e+02
-1.2062000000e+00, 5.9230480000e+02
-1.2887000000e+00, 6.6964200000e+02
-1.2510000000e+00, 6.2956000000e+02
-1.2262000000e+00, 6.0829920000e+02
-1.1861000000e+00, 5.6931240000e+02
-1.3948000000e+00, 7.8649760000e+02
-1.2796000000e+00, 6.6372720000e+02
-1.1427000000e+00, 5.2610280000e+02
-1.3106000000e+00, 6.9679040000e+02
-1.2983000000e+00, 6.7848840000e+02
-1.1792000000e+00, 5.5968480000e+02
-1.2760000000e+00, 6.5824480000e+02
-1.2231000000e+00, 6.0256760000e+02
-1.4396000000e+00, 8.3429680000e+02
-1.1718000000e+00, 5.5903840000e+02
-1.1007000000e+00, 4.8753880000e+02
-1.2564000000e+00, 6.3666800000e+02
-1.3067000000e+00, 6.8792200000e+02
-1.2058000000e+00, 5.8674400000e+02
-1.1850000000e+00, 5.7078880000e+02
-1.1983000000e+00, 5.7796440000e+02
-1.2089000000e+00, 5.8837240000e+02
-1.0957000000e+00, 4.8502120000e+02
-1.2157000000e+00, 5.9714360000e+02
-1.2141000000e+00, 5.9236600000e+02
-1.2094000000e+00, 5.8757280000e+02
-1.3226000000e+00, 7.0581680000e+02
-1.2193000000e+00, 6.0496280000e+02
-1.1178000000e+00, 5.0403680000e+02
-1.1814000000e+00, 5.6495360000e+02
-1.3122000000e+00, 6.9552880000e+02
-1.2668000000e+00, 6.4616800000e+02
-1.1635000000e+00, 5.4541880000e+02
-1.1876000000e+00, 5.6828320000e+02
-1.2593000000e+00, 6.3898520000e+02
-1.1069000000e+00, 4.9344120000e+02
-1.2939000000e+00, 6.7521640000e+02
-1.2882000000e+00, 6.6730560000e+02
-1.2874000000e+00, 6.6844720000e+02
-1.2032000000e+00, 5.8405520000e+02
-1.2491000000e+00, 6.2994040000e+02
-1.1624000000e+00, 5.4439440000e+02
-1.1427000000e+00, 5.2640200000e+02
-1.1874000000e+00, 5.7118080000e+02
-1.1476000000e+00, 5.3030720000e+02
-1.1049000000e+00, 4.9204520000e+02
-1.2465000000e+00, 6.2900120000e+02
-1.1472000000e+00, 5.2942400000e+02
-1.1547000000e+00, 5.3654440000e+02
-1.3425000000e+00, 7.2462360000e+02
-1.2848000000e+00, 6.6637840000e+02
-1.1812000000e+00, 5.6320880000e+02
-1.2175000000e+00, 6.0140440000e+02
-1.1296000000e+00, 5.1255280000e+02
-1.3451000000e+00, 7.2971960000e+02
-1.2629000000e+00, 6.4307080000e+02
-1.3214000000e+00, 7.1140640000e+02
-1.2975000000e+00, 6.7779080000e+02
-1.2364000000e+00, 6.1515040000e+02
-1.2521000000e+00, 6.3495640000e+02
-1.2229000000e+00, 6.0164440000e+02
-1.2423000000e+00, 6.2523640000e+02
-1.1500000000e+00, 5.3712480000e+02
-1.1687000000e+00, 5.5451000000e+02
-1.1867000000e+00, 5.6898760000e+02
-1.3114000000e+00, 6.9865280000e+02
-1.2324000000e+00, 6.1556960000e+02
-1.2030000000e+00, 5.8259760000e+02
-1.2520000000e+00, 6.3877600000e+02
-1.2149000000e+00, 5.9535240000e+02
-1.1827000000e+00, 5.6335960000e+02
-1.1142000000e+00, 4.9953360000e+02
-1.1281000000e+00, 5.1266040000e+02
-1.1359000000e+00, 5.2023240000e+02
-1.1323000000e+00, 5.1618120000e+02
-1.2107000000e+00, 5.9044440000e+02
-1.3335000000e+00, 7.1942520000e+02
-1.2609000000e+00, 6.4016360000e+02
-1.1594000000e+00, 5.4313200000e+02
-1.0890000000e+00, 4.7969600000e+02
-1.1955000000e+00, 5.7829000000e+02
-1.2548000000e+00, 6.3702320000e+02
-1.2322000000e+00, 6.1924800000e+02
-1.1899000000e+00, 5.7003400000e+02
-1.3327000000e+00, 7.2151320000e+02
-1.2891000000e+00, 6.6989320000e+02
-1.2405000000e+00, 6.1957160000e+02
-1.1811000000e+00, 5.6195320000e+02
-1.2878000000e+00, 6.7163920000e+02
-1.1181000000e+00, 5.0338280000e+02
-1.1351000000e+00, 5.1916440000e+02
-1.1279000000e+00, 5.1192840000e+02
-1.2863000000e+00, 6.7098520000e+02
-1.3420000000e+00, 7.2738000000e+02
-1.3832000000e+00, 7.7077280000e+02
-1.2702000000e+00, 6.5263680000e+02
-1.2365000000e+00, 6.1810840000e+02
-1.2920000000e+00, 6.7454720000e+02
-1.1303000000e+00, 5.1486760000e+02
-1.3289000000e+00, 7.2595960000e+02
-1.2644000000e+00, 6.4442400000e+02
-1.3816000000e+00, 7.6922800000e+02
-1.1848000000e+00, 5.6691360000e+02
-1.1411000000e+00, 5.2596840000e+02
-1.3162000000e+00, 7.0358160000e+02
-1.3931000000e+00, 7.8096280000e+02
-1.1886000000e+00, 5.6971520000e+02
-1.3456000000e+00, 7.2867120000e+02
-1.1435000000e+00, 5.2627080000e+02
-1.1756000000e+00, 5.5549120000e+02
-1.1893000000e+00, 5.6963000000e+02
-1.2902000000e+00, 6.7473280000e+02
-1.3271000000e+00, 7.0852760000e+02
-1.3325000000e+00, 7.1836520000e+02
-1.2145000000e+00, 5.9507240000e+02
-1.3175000000e+00, 7.0103400000e+02
-1.4364000000e+00, 8.3038320000e+02
-1.3025000000e+00, 6.8476120000e+02
-1.1642000000e+00, 5.4625440000e+02
-1.3570000000e+00, 7.4268320000e+02
-1.2367000000e+00, 6.1761800000e+02
-1.1517000000e+00, 5.3693080000e+02
-1.2658000000e+00, 6.4802720000e+02
-1.3371000000e+00, 7.1920200000e+02
-1.3274000000e+00, 7.1060320000e+02
-1.1241000000e+00, 5.1006840000e+02
-1.2707000000e+00, 6.5545720000e+02
-1.2460000000e+00, 6.2819360000e+02
-1.2223000000e+00, 6.0456920000e+02
-1.2080000000e+00, 5.8687440000e+02
-1.3290000000e+00, 7.1692400000e+02
-1.2768000000e+00, 6.5694320000e+02
-1.2659000000e+00, 6.4560040000e+02
-1.2878000000e+00, 6.6827680000e+02
-1.2685000000e+00, 6.4945480000e+02
-1.1919000000e+00, 5.7378200000e+02
-1.2131000000e+00, 5.9265960000e+02
-1.2122000000e+00, 5.9335280000e+02
-1.4083000000e+00, 8.0015080000e+02
-1.2563000000e+00, 6.4212600000e+02
-1.1380000000e+00, 5.2388720000e+02
-1.2426000000e+00, 6.2191520000e+02
-1.2431000000e+00, 6.2687400000e+02
-1.1589000000e+00, 5.4320680000e+02
-1.1867000000e+00, 5.7198520000e+02
-1.0850000000e+00, 4.7418640000e+02
-1.1584000000e+00, 5.3992960000e+02
-1.1312000000e+00, 5.1435920000e+02
-1.3795000000e+00, 7.6623560000e+02
-1.2836000000e+00, 6.6389040000e+02
-1.3617000000e+00, 7.4578360000e+02
-1.2240000000e+00, 6.0662000000e+02
-1.2833000000e+00, 6.6528120000e+02
-1.3597000000e+00, 7.4656120000e+02
-1.2192000000e+00, 5.9989680000e+02
-1.1079000000e+00, 4.9676760000e+02
-1.3018000000e+00, 6.8381520000e+02
-1.2158000000e+00, 6.0187120000e+02
-1.2006000000e+00, 5.7982080000e+02
-1.1552000000e+00, 5.3764400000e+02
-1.2613000000e+00, 6.4140040000e+02
-1.2208000000e+00, 5.9927920000e+02
-1.3032000000e+00, 6.8247600000e+02
-1.3597000000e+00, 7.4411880000e+02
-1.3125000000e+00, 6.9851480000e+02
-1.1963000000e+00, 5.7683560000e+02
-1.3206000000e+00, 7.0458560000e+02
-1.3247000000e+00, 7.0733560000e+02
-1.2255000000e+00, 6.1217240000e+02
-1.4454000000e+00, 8.3957360000e+02
-1.3256000000e+00, 7.0874640000e+02
-1.2318000000e+00, 6.1080000000e+02
-1.1845000000e+00, 5.6719480000e+02
-1.3979000000e+00, 7.8568040000e+02
-1.3566000000e+00, 7.4225280000e+02
-1.1391000000e+00, 5.2331720000e+02
-1.1913000000e+00, 5.7227240000e+02
-1.1682000000e+00, 5.5062000000e+02
-1.1350000000e+00, 5.1812000000e+02
-1.1540000000e+00, 5.3588720000e+02
-1.1784000000e+00, 5.6005520000e+02
-1.2015000000e+00, 5.8055960000e+02
-1.2689000000e+00, 6.5191000000e+02
-1.3512000000e+00, 7.3550080000e+02
-1.3673000000e+00, 7.5411000000e+02
-1.1791000000e+00, 5.5881720000e+02
-1.2419000000e+00, 6.2096760000e+02
-1.1933000000e+00, 5.7470040000e+02
-1.1680000000e+00, 5.5003760000e+02
-1.2090000000e+00, 5.9201520000e+02
-1.2948000000e+00, 6.7514640000e+02
-1.2097000000e+00, 5.9289400000e+02
-1.3390000000e+00, 7.2326720000e+02
-1.2104000000e+00, 5.9007280000e+02
-1.2306000000e+00, 6.1175680000e+02
-1.1096000000e+00, 4.9684800000e+02
-1.2976000000e+00, 6.7976480000e+02
-1.3064000000e+00, 6.8688240000e+02
-1.2600000000e+00, 6.4105600000e+02
-1.1575000000e+00, 5.3995240000e+02
-1.1382000000e+00, 5.2261440000e+02
-1.1316000000e+00, 5.1604800000e+02
-1.1397000000e+00, 5.2266040000e+02
-1.2960000000e+00, 6.7843520000e+02
-1.3155000000e+00, 6.9655720000e+02
-1.2756000000e+00, 6.5534560000e+02
-1.3368000000e+00, 7.2154640000e+02
-1.3600000000e+00, 7.4353280000e+02
-1.3686000000e+00, 7.5561840000e+02
-1.3996000000e+00, 7.8656480000e+02
-1.3301000000e+00, 7.1395720000e+02
-1.2521000000e+00, 6.3487960000e+02
-1.2588000000e+00, 6.3979840000e+02
-1.1290000000e+00, 5.1287680000e+02
-1.2460000000e+00, 6.2458640000e+02
-1.3159000000e+00, 6.9732920000e+02
-1.1935000000e+00, 5.7394280000e+02
-1.2040000000e+00, 5.8498640000e+02
-1.2842000000e+00, 6.6644240000e+02
-1.4176000000e+00, 8.0978240000e+02
-1.2585000000e+00, 6.3723720000e+02
-1.1611000000e+00, 5.4332840000e+02
-1.0984000000e+00, 4.8747200000e+02
-1.2252000000e+00, 6.0602880000e+02
-1.2133000000e+00, 5.9680920000e+02
-1.1508000000e+00, 5.3485600000e+02
-1.3615000000e+00, 7.4886680000e+02
-1.3077000000e+00, 6.9370920000e+02
-1.1385000000e+00, 5.2119480000e+02
-1.1482000000e+00, 5.3022640000e+02
-1.1767000000e+00, 5.5666120000e+02
-1.3019000000e+00, 6.8326040000e+02
-1.2618000000e+00, 6.4160880000e+02
-1.4001000000e+00, 7.8904440000e+02
-1.3556000000e+00, 7.3800320000e+02
-1.2549000000e+00, 6.3642760000e+02
-1.2001000000e+00, 5.8039240000e+02
-1.2954000000e+00, 6.7655920000e+02
-1.2151000000e+00, 6.0147320000e+02
-1.1676000000e+00, 5.5110400000e+02
-1.1641000000e+00, 5.4838040000e+02
-1.2104000000e+00, 5.9079040000e+02
-1.3008000000e+00, 6.8102400000e+02
-1.3442000000e+00, 7.2804400000e+02
-1.2604000000e+00, 6.3887520000e+02
-1.1603000000e+00, 5.4171240000e+02
-1.3050000000e+00, 6.9033600000e+02
-1.1352000000e+00, 5.1859920000e+02
-1.2063000000e+00, 5.8733080000e+02
-1.1418000000e+00, 5.2490400000e+02
-1.2344000000e+00, 6.1406480000e+02
-1.2181000000e+00, 5.9912200000e+02
-1.1779000000e+00, 5.6089400000e+02
-1.2265000000e+00, 6.1360520000e+02
-1.3546000000e+00, 7.3790880000e+02
-1.1511000000e+00, 5.3416360000e+02
-1.1418000000e+00, 5.2495840000e+02
-1.2655000000e+00, 6.4702920000e+02
-1.2394000000e+00, 6.2110480000e+02
-1.3045000000e+00, 6.8664680000e+02
-1.1462000000e+00, 5.3028240000e+02
-1.2633000000e+00, 6.4359320000e+02
-1.1860000000e+00, 5.6984000000e+02
-1.2290000000e+00, 6.0968720000e+02
-1.1402000000e+00, 5.2354960000e+02
-1.1056000000e+00, 4.9264480000e+02
-1.2240000000e+00, 6.0500960000e+02
-1.2921000000e+00, 6.7434520000e+02
-1.2336000000e+00, 6.1598880000e+02
-1.1507000000e+00, 5.3466200000e+02
-1.3444000000e+00, 7.2923600000e+02
-1.2581000000e+00, 6.3772840000e+02
-1.1193000000e+00, 5.0407240000e+02
-1.2692000000e+00, 6.5785520000e+02
-1.3096000000e+00, 6.9574800000e+02
-1.4153000000e+00, 8.0838360000e+02
-1.2251000000e+00, 6.0714200000e+02
-1.3041000000e+00, 6.8827480000e+02
-1.1580000000e+00, 5.3958320000e+02
-1.1324000000e+00, 5.1853200000e+02
-1.1976000000e+00, 5.7790400000e+02
-1.1434000000e+00, 5.2753360000e+02
-1.1589000000e+00, 5.4153720000e+02
-1.1825000000e+00, 5.6502760000e+02
-1.1555000000e+00, 5.4463960000e+02
-1.3543000000e+00, 7.3823560000e+02
-1.2363000000e+00, 6.1601400000e+02
-1.2533000000e+00, 6.3318120000e+02
-1.3554000000e+00, 7.4020240000e+02
-1.3313000000e+00, 7.1612600000e+02
-1.2761000000e+00, 6.5415960000e+02
-1.3021000000e+00, 6.8439000000e+02
-1.1607000000e+00, 5.4249400000e+02
-1.1363000000e+00, 5.2015080000e+02
-1.2748000000e+00, 6.5381360000e+02
-1.2533000000e+00, 6.3206680000e+02
-1.2305000000e+00, 6.1295880000e+02
-1.2626000000e+00, 6.4107040000e+02
-1.2802000000e+00, 6.6519680000e+02
-1.1569000000e+00, 5.3974520000e+02
-1.1596000000e+00, 5.4137040000e+02
-1.1524000000e+00, 5.3510560000e+02
-1.1432000000e+00, 5.2770720000e+02
-1.1600000000e+00, 5.4140720000e+02
-1.2045000000e+00, 5.8703560000e+02
-1.2909000000e+00, 6.7344520000e+02
-1.2008000000e+00, 5.8060640000e+02
-1.2148000000e+00, 5.9432800000e+02
-1.1343000000e+00, 5.1915960000e+02
-1.2327000000e+00, 6.1657400000e+02
-1.3135000000e+00, 6.9770760000e+02
-1.3297000000e+00, 7.1539240000e+02
-1.2065000000e+00, 5.8874200000e+02
-1.3413000000e+00, 7.2505640000e+02
-1.1385000000e+00, 5.2249000000e+02
-1.1608000000e+00, 5.4244640000e+02
-1.2072000000e+00, 5.8971840000e+02
-1.1503000000e+00, 5.3613960000e+02
-1.1408000000e+00, 5.2485040000e+02
-1.1722000000e+00, 5.5344000000e+02
-1.3922000000e+00, 7.8375840000e+02
-1.3772000000e+00, 7.6531280000e+02
-1.2337000000e+00, 6.1568280000e+02
-1.2396000000e+00, 6.2096400000e+02
-1.2935000000e+00, 6.7362600000e+02
-1.3094000000e+00, 6.9100400000e+02
-1.2432000000e+00, 6.2359600000e+02
-1.2722000000e+00, 6.5343280000e+02
-1.1535000000e+00, 5.3667800000e+02
-1.1367000000e+00, 5.2021800000e+02
-1.1186000000e+00, 5.0498240000e+02
-1.1164000000e+00, 5.0075920000e+02
-1.1849000000e+00, 5.6423640000e+02
-1.3711000000e+00, 7.5485640000e+02
-1.2137000000e+00, 5.9384440000e+02
-1.1273000000e+00, 5.1121800000e+02
-1.3757000000e+00, 7.6518760000e+02
-1.4079000000e+00, 7.9709640000e+02
-1.2638000000e+00, 6.4535520000e+02
-1.2903000000e+00, 6.6928520000e+02
-1.3142000000e+00, 6.9801360000e+02
-1.2583000000e+00, 6.4159800000e+02
-1.3148000000e+00, 7.0482800000e+02
-1.1150000000e+00, 5.0184960000e+02
-1.2278000000e+00, 6.1047840000e+02
-1.2503000000e+00, 6.3659080000e+02
-1.2224000000e+00, 6.0260880000e+02
-1.1437000000e+00, 5.2757320000e+02
-1.2914000000e+00, 6.7371040000e+02
-1.2248000000e+00, 6.0458000000e+02
-1.1266000000e+00, 5.1036960000e+02
-1.1650000000e+00, 5.4719760000e+02
-1.1847000000e+00, 5.6598520000e+02
-1.1237000000e+00, 5.0897480000e+02
-1.1258000000e+00, 5.1344800000e+02
-1.2131000000e+00, 5.9500360000e+02
-1.1967000000e+00, 5.7596680000e+02
-1.2592000000e+00, 6.3876720000e+02
-1.1369000000e+00, 5.2115560000e+02
-1.2587000000e+00, 6.3754280000e+02
-1.2132000000e+00, 5.9261280000e+02
-1.1327000000e+00, 5.1792200000e+02
-1.3565000000e+00, 7.4267160000e+02
-1.2225000000e+00, 6.0189480000e+02
-1.2448000000e+00, 6.2320800000e+02
-1.2049000000e+00, 5.8647640000e+02
-1.2428000000e+00, 6.2242000000e+02
-1.2983000000e+00, 6.8159640000e+02
-1.2457000000e+00, 6.2688520000e+02
-1.1783000000e+00, 5.5979880000e+02
-1.1821000000e+00, 5.6169080000e+02
-1.4243000000e+00, 8.1647800000e+02
-1.3021000000e+00, 6.8264360000e+02
-1.3192000000e+00, 7.0149520000e+02
-1.2978000000e+00, 6.7742720000e+02
-1.1313000000e+00, 5.1663400000e+02
-1.1622000000e+00, 5.4342720000e+02
-1.2585000000e+00, 6.4295720000e+02
-1.3142000000e+00, 7.0628320000e+02
-1.2150000000e+00, 5.9734880000e+02
-1.3426000000e+00, 7.2738480000e+02
-1.3174000000e+00, 7.0432880000e+02
-1.1641000000e+00, 5.4585960000e+02
-1.1770000000e+00, 5.6154320000e+02
-1.2370000000e+00, 6.2262160000e+02
-1.2347000000e+00, 6.1596040000e+02
-1.2075000000e+00, 5.9347960000e+02
-1.2897000000e+00, 6.6953640000e+02
-1.3299000000e+00, 7.1537240000e+02
-1.0935000000e+00, 4.8357480000e+02
-1.2336000000e+00, 6.1659760000e+02
-1.2707000000e+00, 6.5216440000e+02
-1.2692000000e+00, 6.5401440000e+02
-1.1723000000e+00, 5.5390360000e+02
-1.2312000000e+00, 6.1247360000e+02
-1.2861000000e+00, 6.6821160000e+02
-1.2901000000e+00, 6.7590120000e+02
-1.1390000000e+00, 5.2336560000e+02
-1.3359000000e+00, 7.1824280000e+02
-1.3201000000e+00, 7.0563880000e+02
-1.2061000000e+00, 5.8683240000e+02
-1.3904000000e+00, 7.7986880000e+02
-1.3592000000e+00, 7.4294400000e+02
-1.1014000000e+00, 4.8804640000e+02
-1.1491000000e+00, 5.3229640000e+02
-1.2530000000e+00, 6.3348320000e+02
-1.3086000000e+00, 6.8789760000e+02
-1.2124000000e+00, 5.9146880000e+02
-1.3544000000e+00, 7.3884160000e+02
-1.2955000000e+00, 6.7490680000e+02
-1.3495000000e+00, 7.3352600000e+02
-1.3336000000e+00, 7.1522960000e+02
-1.3105000000e+00, 6.9255080000e+02
-1.4134000000e+00, 8.0279920000e+02
-1.4017000000e+00, 7.9164600000e+02
-1.3637000000e+00, 7.4802920000e+02
-1.1852000000e+00, 5.6964400000e+02
-1.3164000000e+00, 6.9754000000e+02
-1.3012000000e+00, 6.8311280000e+02
-1.1565000000e+00, 5.4095000000e+02
-1.3767000000e+00, 7.6293560000e+02
-1.3107000000e+00, 6.9230920000e+02
-1.2387000000e+00, 6.2109480000e+02
-1.1650000000e+00, 5.4643120000e+02
-1.1607000000e+00, 5.4299400000e+02
-1.1389000000e+00, 5.2252360000e+02
-1.1799000000e+00, 5.5912520000e+02
-1.1817000000e+00, 5.6269160000e+02
-1.1396000000e+00, 5.2414960000e+02
-1.1324000000e+00, 5.1814480000e+02
-1.3161000000e+00, 6.9990360000e+02
-1.2595000000e+00, 6.4187640000e+02
-1.1444000000e+00, 5.2857520000e+02
-1.1515000000e+00, 5.3489400000e+02
-1.1432000000e+00, 5.2645440000e+02
-1.1483000000e+00, 5.3142040000e+02
-1.4136000000e+00, 8.0593120000e+02
-1.2527000000e+00, 6.3277400000e+02
-1.2122000000e+00, 5.9115200000e+02
-1.3500000000e+00, 7.3444320000e+02
-1.3638000000e+00, 7.4690720000e+02
-1.2883000000e+00, 6.6825320000e+02
-1.1988000000e+00, 5.8093840000e+02
-1.1356000000e+00, 5.1972560000e+02
-1.2761000000e+00, 6.5991640000e+02
-1.1465000000e+00, 5.3061640000e+02
-1.2792000000e+00, 6.6414720000e+02
-1.1883000000e+00, 5.6988040000e+02
-1.1552000000e+00, 5.3701600000e+02
-1.1579000000e+00, 5.4001640000e+02
-1.1584000000e+00, 5.4152240000e+02
-1.2998000000e+00, 6.8344960000e+02
-1.3362000000e+00, 7.2179760000e+02
-1.2470000000e+00, 6.2991600000e+02
-1.3092000000e+00, 6.9035840000e+02
-1.3116000000e+00, 6.9249280000e+02
-1.3143000000e+00, 7.0101640000e+02
-1.3322000000e+00, 7.1891440000e+02
-1.3102000000e+00, 6.9242560000e+02
-1.2296000000e+00, 6.0707200000e+02
-1.1642000000e+00, 5.4542480000e+02
-1.1543000000e+00, 5.3614520000e+02
-1.3487000000e+00, 7.3185000000e+02
-1.3261000000e+00, 7.1241880000e+02
-1.3005000000e+00, 6.8453000000e+02
-1.1926000000e+00, 5.7294880000e+02
-1.2786000000e+00, 6.5822640000e+02
-1.2562000000e+00, 6.3651440000e+02
-1.1314000000e+00, 5.1880400000e+02
-1.2632000000e+00, 6.4357200000e+02
-1.3076000000e+00, 6.8958240000e+02
-1.2755000000e+00, 6.5449800000e+02
-1.1693000000e+00, 5.5091720000e+02
-1.2411000000e+00, 6.2103480000e+02
-1.4105000000e+00, 8.0333000000e+02
-1.1972000000e+00, 5.7812960000e+02
-1.1644000000e+00, 5.4552800000e+02
-1.1289000000e+00, 5.1322120000e+02
-1.2132000000e+00, 5.9322400000e+02
-1.3515000000e+00, 7.3406760000e+02
-1.2840000000e+00, 6.6538720000e+02
-1.2353000000e+00, 6.1738600000e+02
-1.3123000000e+00, 6.9385320000e+02
-1.2976000000e+00, 6.7771600000e+02
-1.2069000000e+00, 5.8949480000e+02
-1.3249000000e+00, 7.1362760000e+02
-1.3724000000e+00, 7.5900320000e+02
-1.1847000000e+00, 5.6584360000e+02
-1.2232000000e+00, 6.0426800000e+02
-1.2249000000e+00, 6.0616200000e+02
-1.3095000000e+00, 6.8958200000e+02
-1.1654000000e+00, 5.4677200000e+02
-1.1060000000e+00, 4.9415360000e+02
-1.2576000000e+00, 6.3892080000e+02
-1.3593000000e+00, 7.4346120000e+02
-1.1878000000e+00, 5.7378400000e+02
-1.3260000000e+00, 7.0756320000e+02
-1.2277000000e+00, 6.0807640000e+02
-1.2863000000e+00, 6.6896520000e+02
-1.2763000000e+00, 6.5968600000e+02
-1.3492000000e+00, 7.3227200000e+02
-1.1146000000e+00, 5.0318240000e+02
-1.1060000000e+00, 4.9266800000e+02
-1.3453000000e+00, 7.2926680000e+02
-1.1890000000e+00, 5.7047760000e+02
-1.2735000000e+00, 6.5548840000e+02
-1.3646000000e+00, 7.5141520000e+02
-1.2203000000e+00, 6.0183480000e+02
-1.3204000000e+00, 7.0183440000e+02
-1.1777000000e+00, 5.5924440000e+02
-1.1804000000e+00, 5.6286240000e+02
-1.2721000000e+00, 6.5364200000e+02
-1.1692000000e+00, 5.5284160000e+02
-1.1896000000e+00, 5.6850720000e+02
-1.2938000000e+00, 6.7215440000e+02
-1.1658000000e+00, 5.4781280000e+02
-1.2856000000e+00, 6.6582240000e+02
-1.2666000000e+00, 6.4696240000e+02
-1.2248000000e+00, 6.0461040000e+02
-1.1876000000e+00, 5.7220480000e+02
-1.3788000000e+00, 7.6568240000e+02
-1.3450000000e+00, 7.3022800000e+02
-1.1485000000e+00, 5.3573320000e+02
-1.1177000000e+00, 5.0290440000e+02
-1.2805000000e+00, 6.5906200000e+02
-1.3010000000e+00, 6.8441840000e+02
-1.2607000000e+00, 6.4383560000e+02
-1.2586000000e+00, 6.4156800000e+02
-1.3019000000e+00, 6.8331640000e+02
-1.2621000000e+00, 6.4769640000e+02
-1.3464000000e+00, 7.2809840000e+02
-1.3389000000e+00, 7.2204360000e+02
-1.3639000000e+00, 7.5031000000e+02
-1.2323000000e+00, 6.1252520000e+02
-1.2354000000e+00, 6.1344480000e+02
-1.3302000000e+00, 7.1311200000e+02
-1.2388000000e+00, 6.2046000000e+02
-1.1687000000e+00, 5.5111480000e+02
-1.1459000000e+00, 5.3185160000e+02
-1.3596000000e+00, 7.4423920000e+02
-1.1845000000e+00, 5.6484360000e+02
-1.1763000000e+00, 5.5810200000e+02
-1.2294000000e+00, 6.0894880000e+02
-1.2037000000e+00, 5.8742680000e+02
-1.3563000000e+00, 7.4462520000e+02
-1.2444000000e+00, 6.2817520000e+02
-1.3031000000e+00, 6.8909800000e+02
-1.1933000000e+00, 5.7282840000e+02
-1.3945000000e+00, 7.8716280000e+02
-1.2587000000e+00, 6.3911080000e+02
-1.1921000000e+00, 5.7539880000e+02
-1.1752000000e+00, 5.5639920000e+02
-1.2918000000e+00, 6.7900320000e+02
-1.2177000000e+00, 5.9653160000e+02
-1.3415000000e+00, 7.2478120000e+02
-1.2617000000e+00, 6.4147000000e+02
-1.1909000000e+00, 5.7116360000e+02
-1.1997000000e+00, 5.8773400000e+02
-1.2798000000e+00, 6.6368080000e+02
-1.2032000000e+00, 5.8303840000e+02
-1.3566000000e+00, 7.4222880000e+02
-1.2095000000e+00, 5.8999080000e+02
-1.3298000000e+00, 7.1354560000e+02
-1.1394000000e+00, 5.2232560000e+02
-1.1808000000e+00, 5.5958240000e+02
-1.1610000000e+00, 5.4420080000e+02
-1.3265000000e+00, 7.1081480000e+02
-1.2444000000e+00, 6.3038800000e+02
-1.2241000000e+00, 6.0816600000e+02
-1.3567000000e+00, 7.3948680000e+02
-1.4080000000e+00, 7.9729360000e+02
-1.2489000000e+00, 6.3141720000e+02
-1.3117000000e+00, 6.9125880000e+02
-1.2782000000e+00, 6.6157680000e+02
-1.2146000000e+00, 5.9431680000e+02
-1.3512000000e+00, 7.3840400000e+02
-1.2632000000e+00, 6.4469200000e+02
-1.1393000000e+00, 5.2296760000e+02
-1.2549000000e+00, 6.3528280000e+02
-1.1655000000e+00, 5.4802840000e+02
-1.1949000000e+00, 5.7758280000e+02
-1.3716000000e+00, 7.5978880000e+02
-1.2135000000e+00, 6.0134200000e+02
-1.2053000000e+00, 5.8639400000e+02
-1.2769000000e+00, 6.5587240000e+02
-1.2563000000e+00, 6.3626680000e+02
-1.3100000000e+00, 6.9280720000e+02
-1.4022000000e+00, 7.9040240000e+02
-1.2982000000e+00, 6.8408320000e+02
-1.3245000000e+00, 7.0578680000e+02
-1.1289000000e+00, 5.1583640000e+02
-1.1776000000e+00, 5.6003600000e+02
-1.1399000000e+00, 5.2209880000e+02
-1.1993000000e+00, 5.8278920000e+02
-1.2433000000e+00, 6.2799320000e+02
-1.2798000000e+00, 6.5830400000e+02
-1.3669000000e+00, 7.5197080000e+02
-1.2520000000e+00, 6.3027680000e+02
-1.1860000000e+00, 5.6710160000e+02
-1.3194000000e+00, 7.0441840000e+02
-1.4079000000e+00, 8.0125240000e+02
-1.3121000000e+00, 6.9618840000e+02
-1.1416000000e+00, 5.2539360000e+02
-1.1642000000e+00, 5.4638080000e+02
-1.1751000000e+00, 5.5622760000e+02
-1.1401000000e+00, 5.2613560000e+02
-1.2601000000e+00, 6.4114200000e+02
-1.3102000000e+00, 6.9466000000e+02
-1.2253000000e+00, 6.0564120000e+02
-1.2474000000e+00, 6.2742960000e+02
-1.4021000000e+00, 7.8999240000e+02
-1.3268000000e+00, 7.1041920000e+02
-1.1806000000e+00, 5.6020400000e+02
-1.1656000000e+00, 5.4982160000e+02
-1.2235000000e+00, 6.0686600000e+02
-1.1070000000e+00, 4.9221280000e+02
-1.1583000000e+00, 5.4082120000e+02
-1.1630000000e+00, 5.4349280000e+02
-1.2548000000e+00, 6.3928800000e+02
-1.1709000000e+00, 5.5288840000e+02
-1.3315000000e+00, 7.1378840000e+02
-1.2629000000e+00, 6.4502920000e+02
-1.1363000000e+00, 5.2356520000e+02
-1.1438000000e+00, 5.2695280000e+02
-1.1534000000e+00, 5.3547200000e+02
-1.1800000000e+00, 5.6070880000e+02
-1.1183000000e+00, 5.0648120000e+02
-1.2799000000e+00, 6.6090440000e+02
-1.1501000000e+00, 5.3666600000e+02
-1.0975000000e+00, 4.8517000000e+02
-1.2257000000e+00, 6.1358040000e+02
-1.1193000000e+00, 5.0383640000e+02
-1.1988000000e+00, 5.7972400000e+02
-1.3000000000e+00, 6.8054480000e+02
-1.1724000000e+00, 5.5675600000e+02
-1.2999000000e+00, 6.8165480000e+02
-1.1735000000e+00, 5.5370200000e+02
-1.0993000000e+00, 4.8730600000e+02
-1.1827000000e+00, 5.6992520000e+02
-1.4265000000e+00, 8.2043960000e+02
-1.3703000000e+00, 7.5591720000e+02
-1.3419000000e+00, 7.2741000000e+02
-1.2831000000e+00, 6.6593640000e+02
-1.3135000000e+00, 6.9466280000e+02
-1.3322000000e+00, 7.1440400000e+02
-1.3479000000e+00, 7.3559800000e+02
-1.3172000000e+00, 7.0127120000e+02
-1.1394000000e+00, 5.2366480000e+02
-1.1910000000e+00, 5.7159680000e+02
-1.2625000000e+00, 6.4560280000e+02
-1.3155000000e+00, 6.9865240000e+02
-1.3601000000e+00, 7.4579720000e+02
-1.3052000000e+00, 6.8673600000e+02
-1.1280000000e+00, 5.1269600000e+02
-1.3197000000e+00, 7.0574760000e+02
-1.2098000000e+00, 5.8960320000e+02
-1.3079000000e+00, 6.9531720000e+02
-1.2726000000e+00, 6.5290160000e+02
-1.1670000000e+00, 5.4880720000e+02
-1.1621000000e+00, 5.4517080000e+02
-1.2169000000e+00, 5.9664040000e+02
-1.2727000000e+00, 6.5269960000e+02
-1.3133000000e+00, 6.9619320000e+02
-1.1513000000e+00, 5.3323400000e+02
-1.1668000000e+00, 5.4774640000e+02
-1.1887000000e+00, 5.6895720000e+02
-1.2907000000e+00, 6.7282120000e+02
-1.3290000000e+00, 7.1161120000e+02
-1.3210000000e+00, 7.0646160000e+02
-1.1820000000e+00, 5.6130800000e+02
-1.2594000000e+00, 6.3924320000e+02
-1.3319000000e+00, 7.1347000000e+02
-1.3419000000e+00, 7.2522760000e+02
-1.3263000000e+00, 7.1275720000e+02
-1.0874000000e+00, 4.7668000000e+02
-1.1275000000e+00, 5.1148840000e+02
-1.1575000000e+00, 5.4214920000e+02
-1.3235000000e+00, 7.0408200000e+02
-1.1692000000e+00, 5.5180800000e+02
-1.1894000000e+00, 5.6906000000e+02
-1.4175000000e+00, 8.0903320000e+02
-1.3212000000e+00, 7.0516800000e+02
-1.2293000000e+00, 6.1511800000e+02
-1.2255000000e+00, 6.0829480000e+02
-1.1239000000e+00, 5.0826600000e+02
-1.2591000000e+00, 6.3950600000e+02
-1.2863000000e+00, 6.6730600000e+02
-1.2203000000e+00, 6.0051240000e+02
-1.1555000000e+00, 5.3898520000e+02
-1.2069000000e+00, 5.8957800000e+02
-1.1608000000e+00, 5.4355440000e+02
-1.2852000000e+00, 6.6547760000e+02
-1.2950000000e+00, 6.7601040000e+02
-1.2722000000e+00, 6.5151920000e+02
-1.1671000000e+00, 5.5059000000e+02
-1.1735000000e+00, 5.5437640000e+02
-1.2248000000e+00, 6.0705360000e+02
-1.3427000000e+00, 7.2693640000e+02
-1.2417000000e+00, 6.2347080000e+02
-1.1846000000e+00, 5.6647600000e+02
-1.2068000000e+00, 5.8618640000e+02
-1.1340000000e+00, 5.1872000000e+02
-1.2360000000e+00, 6.1856640000e+02
-1.1825000000e+00, 5.6356280000e+02
-1.3032000000e+00, 6.8806560000e+02
-1.3407000000e+00, 7.2218120000e+02
-1.1558000000e+00, 5.3791440000e+02
-1.2087000000e+00, 5.9165080000e+02
-1.2413000000e+00, 6.1991240000e+02
-1.1193000000e+00, 5.0407480000e+02
-1.1407000000e+00, 5.2569480000e+02
-1.3325000000e+00, 7.1620920000e+02
