    0.00000e+00    0.00000e+00
    1.00000e-02   -4.14915e+00
    2.00000e-02   -3.87184e+00
    3.00000e-02   -3.71922e+00
    4.00000e-02   -3.61748e+00
    5.00000e-02   -3.54351e+00
    6.00000e-02   -3.48701e+00
    7.00000e-02   -3.44249e+00
    8.00000e-02   -3.40668e+00
    9.00000e-02   -3.37746e+00
    1.00000e-01   -3.35338e+00
    1.10000e-01   -3.33344e+00
    1.20000e-01   -3.31686e+00
    1.30000e-01   -3.30308e+00
    1.40000e-01   -3.29165e+00
    1.50000e-01   -3.28222e+00
    1.60000e-01   -3.27450e+00
    1.70000e-01   -3.26828e+00
    1.80000e-01   -3.26335e+00
    1.90000e-01   -3.25956e+00
    2.00000e-01   -3.25679e+00
    2.10000e-01   -3.25491e+00
    2.20000e-01   -3.25384e+00
    2.30000e-01   -3.25348e+00
    2.40000e-01   -3.25378e+00
    2.50000e-01   -3.25467e+00
    2.60000e-01   -3.25609e+00
    2.70000e-01   -3.25801e+00
    2.80000e-01   -3.26038e+00
    2.90000e-01   -3.26316e+00
    3.00000e-01   -3.26633e+00
    3.10000e-01   -3.26986e+00
    3.20000e-01   -3.27373e+00
    3.30000e-01   -3.27790e+00
    3.40000e-01   -3.28238e+00
    3.50000e-01   -3.28713e+00
    3.60000e-01   -3.29216e+00
    3.70000e-01   -3.29743e+00
    3.80000e-01   -3.30295e+00
    3.90000e-01   -3.30871e+00
    4.00000e-01   -3.31470e+00
    4.10000e-01   -3.32091e+00
    4.20000e-01   -3.32733e+00
    4.30000e-01   -3.33397e+00
    4.40000e-01   -3.34082e+00
    4.50000e-01   -3.34788e+00
    4.60000e-01   -3.35515e+00
    4.70000e-01   -3.36262e+00
    4.80000e-01   -3.37030e+00
    4.90000e-01   -3.37820e+00
    5.00000e-01   -3.38630e+00
    5.10000e-01   -3.39462e+00
    5.20000e-01   -3.40316e+00
    5.30000e-01   -3.41192e+00
    5.40000e-01   -3.42090e+00
    5.50000e-01   -3.43012e+00
    5.60000e-01   -3.43959e+00
    5.70000e-01   -3.44930e+00
    5.80000e-01   -3.45926e+00
    5.90000e-01   -3.46950e+00
    6.00000e-01   -3.48001e+00
    6.10000e-01   -3.49081e+00
    6.20000e-01   -3.50191e+00
    6.30000e-01   -3.51332e+00
    6.40000e-01   -3.52507e+00
    6.50000e-01   -3.53716e+00
    6.60000e-01   -3.54962e+00
    6.70000e-01   -3.56247e+00
    6.80000e-01   -3.57572e+00
    6.90000e-01   -3.58941e+00
    7.00000e-01   -3.60355e+00
    7.10000e-01   -3.61819e+00
    7.20000e-01   -3.63335e+00
    7.30000e-01   -3.64907e+00
    7.40000e-01   -3.66539e+00
    7.50000e-01   -3.68236e+00
    7.60000e-01   -3.70003e+00
    7.70000e-01   -3.71846e+00
    7.80000e-01   -3.73772e+00
    7.90000e-01   -3.75787e+00
    8.00000e-01   -3.77902e+00
    8.10000e-01   -3.80125e+00
    8.20000e-01   -3.82470e+00
    8.30000e-01   -3.84949e+00
    8.40000e-01   -3.87579e+00
    8.50000e-01   -3.90378e+00
    8.60000e-01   -3.93372e+00
    8.70000e-01   -3.96588e+00
    8.80000e-01   -4.00062e+00
    8.90000e-01   -4.03838e+00
    9.00000e-01   -4.07976e+00
    9.10000e-01   -4.12550e+00
    9.20000e-01   -4.17663e+00
    9.30000e-01   -4.23461e+00
    9.40000e-01   -4.30154e+00
    9.50000e-01   -4.38070e+00
    9.60000e-01   -4.47760e+00
    9.70000e-01   -4.60253e+00
    9.80000e-01   -4.77861e+00
    9.90000e-01   -5.07963e+00
    1.00000e+00    0.00000e+00
