    0.00000e+00   -7.12735e+00
    1.00000e-03   -6.82873e+00
    2.00000e-03   -6.65504e+00
    3.00000e-03   -6.53251e+00
    4.00000e-03   -6.43800e+00
    5.00000e-03   -6.36122e+00
    6.00000e-03   -6.29666e+00
    7.00000e-03   -6.24106e+00
    8.00000e-03   -6.19230e+00
    9.00000e-03   -6.14893e+00
    1.00000e-02   -6.10992e+00
    1.10000e-02   -6.07452e+00
    1.20000e-02   -6.04213e+00
    1.30000e-02   -6.01233e+00
    1.40000e-02   -5.98474e+00
    1.50000e-02   -5.95908e+00
    1.60000e-02   -5.93512e+00
    1.70000e-02   -5.91266e+00
    1.80000e-02   -5.89155e+00
    1.90000e-02   -5.87163e+00
    2.00000e-02   -5.85280e+00
    2.10000e-02   -5.83495e+00
    2.20000e-02   -5.81800e+00
    2.30000e-02   -5.80186e+00
    2.40000e-02   -5.78648e+00
    2.50000e-02   -5.77180e+00
    2.60000e-02   -5.75775e+00
    2.70000e-02   -5.74429e+00
    2.80000e-02   -5.73139e+00
    2.90000e-02   -5.71900e+00
    3.00000e-02   -5.70709e+00
    3.10000e-02   -5.69563e+00
    3.20000e-02   -5.68460e+00
    3.30000e-02   -5.67395e+00
    3.40000e-02   -5.66369e+00
    3.50000e-02   -5.65377e+00
    3.60000e-02   -5.64419e+00
    3.70000e-02   -5.63492e+00
    3.80000e-02   -5.62595e+00
    3.90000e-02   -5.61726e+00
    4.00000e-02   -5.60884e+00
    4.10000e-02   -5.60068e+00
    4.20000e-02   -5.59276e+00
    4.30000e-02   -5.58508e+00
    4.40000e-02   -5.57761e+00
    4.50000e-02   -5.57036e+00
    4.60000e-02   -5.56331e+00
    4.70000e-02   -5.55645e+00
    4.80000e-02   -5.54978e+00
    4.90000e-02   -5.54329e+00
    5.00000e-02   -5.53697e+00
    5.10000e-02   -5.53082e+00
    5.20000e-02   -5.52482e+00
    5.30000e-02   -5.51897e+00
    5.40000e-02   -5.51327e+00
    5.50000e-02   -5.50772e+00
    5.60000e-02   -5.50229e+00
    5.70000e-02   -5.49700e+00
    5.80000e-02   -5.49184e+00
    5.90000e-02   -5.48679e+00
    6.00000e-02   -5.48187e+00
    6.10000e-02   -5.47706e+00
    6.20000e-02   -5.47236e+00
    6.30000e-02   -5.46777e+00
    6.40000e-02   -5.46328e+00
    6.50000e-02   -5.45889e+00
    6.60000e-02   -5.45460e+00
    6.70000e-02   -5.45040e+00
    6.80000e-02   -5.44629e+00
    6.90000e-02   -5.44228e+00
    7.00000e-02   -5.43835e+00
    7.10000e-02   -5.43450e+00
    7.20000e-02   -5.43073e+00
    7.30000e-02   -5.42704e+00
    7.40000e-02   -5.42343e+00
    7.50000e-02   -5.41990e+00
    7.60000e-02   -5.41643e+00
    7.70000e-02   -5.41304e+00
    7.80000e-02   -5.40972e+00
    7.90000e-02   -5.40646e+00
    8.00000e-02   -5.40327e+00
    8.10000e-02   -5.40014e+00
    8.20000e-02   -5.39708e+00
    8.30000e-02   -5.39407e+00
    8.40000e-02   -5.39113e+00
    8.50000e-02   -5.38824e+00
    8.60000e-02   -5.38541e+00
    8.70000e-02   -5.38263e+00
    8.80000e-02   -5.37991e+00
    8.90000e-02   -5.37724e+00
    9.00000e-02   -5.37462e+00
    9.10000e-02   -5.37205e+00
    9.20000e-02   -5.36953e+00
    9.30000e-02   -5.36706e+00
    9.40000e-02   -5.36463e+00
    9.50000e-02   -5.36225e+00
    9.60000e-02   -5.35992e+00
    9.70000e-02   -5.35763e+00
    9.80000e-02   -5.35538e+00
    9.90000e-02   -5.35317e+00
    1.00000e-01   -5.35100e+00
    1.01000e-01   -5.34888e+00
    1.02000e-01   -5.34679e+00
    1.03000e-01   -5.34474e+00
    1.04000e-01   -5.34273e+00
    1.05000e-01   -5.34076e+00
    1.06000e-01   -5.33882e+00
    1.07000e-01   -5.33692e+00
    1.08000e-01   -5.33506e+00
    1.09000e-01   -5.33322e+00
    1.10000e-01   -5.33143e+00
    1.11000e-01   -5.32966e+00
    1.12000e-01   -5.32793e+00
    1.13000e-01   -5.32622e+00
    1.14000e-01   -5.32455e+00
    1.15000e-01   -5.32291e+00
    1.16000e-01   -5.32130e+00
    1.17000e-01   -5.31972e+00
    1.18000e-01   -5.31817e+00
    1.19000e-01   -5.31665e+00
    1.20000e-01   -5.31515e+00
    1.21000e-01   -5.31368e+00
    1.22000e-01   -5.31224e+00
    1.23000e-01   -5.31083e+00
    1.24000e-01   -5.30944e+00
    1.25000e-01   -5.30807e+00
    1.26000e-01   -5.30673e+00
    1.27000e-01   -5.30542e+00
    1.28000e-01   -5.30413e+00
    1.29000e-01   -5.30286e+00
    1.30000e-01   -5.30162e+00
    1.31000e-01   -5.30040e+00
    1.32000e-01   -5.29921e+00
    1.33000e-01   -5.29803e+00
    1.34000e-01   -5.29688e+00
    1.35000e-01   -5.29575e+00
    1.36000e-01   -5.29464e+00
    1.37000e-01   -5.29355e+00
    1.38000e-01   -5.29248e+00
    1.39000e-01   -5.29143e+00
    1.40000e-01   -5.29040e+00
    1.41000e-01   -5.28940e+00
    1.42000e-01   -5.28841e+00
    1.43000e-01   -5.28744e+00
    1.44000e-01   -5.28649e+00
    1.45000e-01   -5.28555e+00
    1.46000e-01   -5.28464e+00
    1.47000e-01   -5.28374e+00
    1.48000e-01   -5.28286e+00
    1.49000e-01   -5.28200e+00
    1.50000e-01   -5.28116e+00
    1.51000e-01   -5.28033e+00
    1.52000e-01   -5.27952e+00
    1.53000e-01   -5.27872e+00
    1.54000e-01   -5.27795e+00
    1.55000e-01   -5.27718e+00
    1.56000e-01   -5.27644e+00
    1.57000e-01   -5.27570e+00
    1.58000e-01   -5.27499e+00
    1.59000e-01   -5.27429e+00
    1.60000e-01   -5.27360e+00
    1.61000e-01   -5.27293e+00
    1.62000e-01   -5.27227e+00
    1.63000e-01   -5.27163e+00
    1.64000e-01   -5.27100e+00
    1.65000e-01   -5.27039e+00
    1.66000e-01   -5.26978e+00
    1.67000e-01   -5.26920e+00
    1.68000e-01   -5.26862e+00
    1.69000e-01   -5.26806e+00
    1.70000e-01   -5.26751e+00
    1.71000e-01   -5.26698e+00
    1.72000e-01   -5.26645e+00
    1.73000e-01   -5.26594e+00
    1.74000e-01   -5.26545e+00
    1.75000e-01   -5.26496e+00
    1.76000e-01   -5.26449e+00
    1.77000e-01   -5.26402e+00
    1.78000e-01   -5.26357e+00
    1.79000e-01   -5.26313e+00
    1.80000e-01   -5.26271e+00
    1.81000e-01   -5.26229e+00
    1.82000e-01   -5.26189e+00
    1.83000e-01   -5.26149e+00
    1.84000e-01   -5.26111e+00
    1.85000e-01   -5.26074e+00
    1.86000e-01   -5.26037e+00
    1.87000e-01   -5.26002e+00
    1.88000e-01   -5.25968e+00
    1.89000e-01   -5.25935e+00
    1.90000e-01   -5.25903e+00
    1.91000e-01   -5.25872e+00
    1.92000e-01   -5.25842e+00
    1.93000e-01   -5.25813e+00
    1.94000e-01   -5.25784e+00
    1.95000e-01   -5.25757e+00
    1.96000e-01   -5.25731e+00
    1.97000e-01   -5.25705e+00
    1.98000e-01   -5.25681e+00
    1.99000e-01   -5.25657e+00
    2.00000e-01   -5.25635e+00
    2.01000e-01   -5.25613e+00
    2.02000e-01   -5.25592e+00
    2.03000e-01   -5.25572e+00
    2.04000e-01   -5.25553e+00
    2.05000e-01   -5.25535e+00
    2.06000e-01   -5.25517e+00
    2.07000e-01   -5.25501e+00
    2.08000e-01   -5.25485e+00
    2.09000e-01   -5.25470e+00
    2.10000e-01   -5.25456e+00
    2.11000e-01   -5.25442e+00
    2.12000e-01   -5.25429e+00
    2.13000e-01   -5.25418e+00
    2.14000e-01   -5.25407e+00
    2.15000e-01   -5.25396e+00
    2.16000e-01   -5.25387e+00
    2.17000e-01   -5.25378e+00
    2.18000e-01   -5.25370e+00
    2.19000e-01   -5.25362e+00
    2.20000e-01   -5.25356e+00
    2.21000e-01   -5.25350e+00
    2.22000e-01   -5.25344e+00
    2.23000e-01   -5.25340e+00
    2.24000e-01   -5.25336e+00
    2.25000e-01   -5.25333e+00
    2.26000e-01   -5.25330e+00
    2.27000e-01   -5.25329e+00
    2.28000e-01   -5.25327e+00
    2.29000e-01   -5.25327e+00
    2.30000e-01   -5.25327e+00
    2.31000e-01   -5.25328e+00
    2.32000e-01   -5.25329e+00
    2.33000e-01   -5.25331e+00
    2.34000e-01   -5.25334e+00
    2.35000e-01   -5.25337e+00
    2.36000e-01   -5.25341e+00
    2.37000e-01   -5.25346e+00
    2.38000e-01   -5.25351e+00
    2.39000e-01   -5.25357e+00
    2.40000e-01   -5.25363e+00
    2.41000e-01   -5.25370e+00
    2.42000e-01   -5.25377e+00
    2.43000e-01   -5.25385e+00
    2.44000e-01   -5.25394e+00
    2.45000e-01   -5.25403e+00
    2.46000e-01   -5.25413e+00
    2.47000e-01   -5.25423e+00
    2.48000e-01   -5.25434e+00
    2.49000e-01   -5.25445e+00
    2.50000e-01   -5.25457e+00
    2.51000e-01   -5.25470e+00
    2.52000e-01   -5.25483e+00
    2.53000e-01   -5.25496e+00
    2.54000e-01   -5.25510e+00
    2.55000e-01   -5.25525e+00
    2.56000e-01   -5.25540e+00
    2.57000e-01   -5.25555e+00
    2.58000e-01   -5.25571e+00
    2.59000e-01   -5.25588e+00
    2.60000e-01   -5.25605e+00
    2.61000e-01   -5.25623e+00
    2.62000e-01   -5.25641e+00
    2.63000e-01   -5.25659e+00
    2.64000e-01   -5.25678e+00
    2.65000e-01   -5.25697e+00
    2.66000e-01   -5.25717e+00
    2.67000e-01   -5.25738e+00
    2.68000e-01   -5.25758e+00
    2.69000e-01   -5.25780e+00
    2.70000e-01   -5.25801e+00
    2.71000e-01   -5.25824e+00
    2.72000e-01   -5.25846e+00
    2.73000e-01   -5.25869e+00
    2.74000e-01   -5.25893e+00
    2.75000e-01   -5.25917e+00
    2.76000e-01   -5.25941e+00
    2.77000e-01   -5.25966e+00
    2.78000e-01   -5.25991e+00
    2.79000e-01   -5.26016e+00
    2.80000e-01   -5.26042e+00
    2.81000e-01   -5.26069e+00
    2.82000e-01   -5.26096e+00
    2.83000e-01   -5.26123e+00
    2.84000e-01   -5.26151e+00
    2.85000e-01   -5.26179e+00
    2.86000e-01   -5.26207e+00
    2.87000e-01   -5.26236e+00
    2.88000e-01   -5.26265e+00
    2.89000e-01   -5.26295e+00
    2.90000e-01   -5.26325e+00
    2.91000e-01   -5.26355e+00
    2.92000e-01   -5.26386e+00
    2.93000e-01   -5.26417e+00
    2.94000e-01   -5.26449e+00
    2.95000e-01   -5.26481e+00
    2.96000e-01   -5.26513e+00
    2.97000e-01   -5.26546e+00
    2.98000e-01   -5.26579e+00
    2.99000e-01   -5.26612e+00
    3.00000e-01   -5.26646e+00
    3.01000e-01   -5.26680e+00
    3.02000e-01   -5.26714e+00
    3.03000e-01   -5.26749e+00
    3.04000e-01   -5.26784e+00
    3.05000e-01   -5.26819e+00
    3.06000e-01   -5.26855e+00
    3.07000e-01   -5.26891e+00
    3.08000e-01   -5.26928e+00
    3.09000e-01   -5.26965e+00
    3.10000e-01   -5.27002e+00
    3.11000e-01   -5.27039e+00
    3.12000e-01   -5.27077e+00
    3.13000e-01   -5.27115e+00
    3.14000e-01   -5.27154e+00
    3.15000e-01   -5.27193e+00
    3.16000e-01   -5.27232e+00
    3.17000e-01   -5.27271e+00
    3.18000e-01   -5.27311e+00
    3.19000e-01   -5.27351e+00
    3.20000e-01   -5.27392e+00
    3.21000e-01   -5.27432e+00
    3.22000e-01   -5.27473e+00
    3.23000e-01   -5.27515e+00
    3.24000e-01   -5.27556e+00
    3.25000e-01   -5.27598e+00
    3.26000e-01   -5.27640e+00
    3.27000e-01   -5.27683e+00
    3.28000e-01   -5.27726e+00
    3.29000e-01   -5.27769e+00
    3.30000e-01   -5.27812e+00
    3.31000e-01   -5.27856e+00
    3.32000e-01   -5.27900e+00
    3.33000e-01   -5.27944e+00
    3.34000e-01   -5.27989e+00
    3.35000e-01   -5.28034e+00
    3.36000e-01   -5.28079e+00
    3.37000e-01   -5.28125e+00
    3.38000e-01   -5.28170e+00
    3.39000e-01   -5.28216e+00
    3.40000e-01   -5.28263e+00
    3.41000e-01   -5.28309e+00
    3.42000e-01   -5.28356e+00
    3.43000e-01   -5.28403e+00
    3.44000e-01   -5.28451e+00
    3.45000e-01   -5.28498e+00
    3.46000e-01   -5.28546e+00
    3.47000e-01   -5.28595e+00
    3.48000e-01   -5.28643e+00
    3.49000e-01   -5.28692e+00
    3.50000e-01   -5.28741e+00
    3.51000e-01   -5.28790e+00
    3.52000e-01   -5.28840e+00
    3.53000e-01   -5.28890e+00
    3.54000e-01   -5.28940e+00
    3.55000e-01   -5.28990e+00
    3.56000e-01   -5.29041e+00
    3.57000e-01   -5.29092e+00
    3.58000e-01   -5.29143e+00
    3.59000e-01   -5.29194e+00
    3.60000e-01   -5.29246e+00
    3.61000e-01   -5.29298e+00
    3.62000e-01   -5.29350e+00
    3.63000e-01   -5.29402e+00
    3.64000e-01   -5.29455e+00
    3.65000e-01   -5.29508e+00
    3.66000e-01   -5.29561e+00
    3.67000e-01   -5.29614e+00
    3.68000e-01   -5.29668e+00
    3.69000e-01   -5.29722e+00
    3.70000e-01   -5.29776e+00
    3.71000e-01   -5.29830e+00
    3.72000e-01   -5.29885e+00
    3.73000e-01   -5.29940e+00
    3.74000e-01   -5.29995e+00
    3.75000e-01   -5.30050e+00
    3.76000e-01   -5.30106e+00
    3.77000e-01   -5.30162e+00
    3.78000e-01   -5.30218e+00
    3.79000e-01   -5.30274e+00
    3.80000e-01   -5.30330e+00
    3.81000e-01   -5.30387e+00
    3.82000e-01   -5.30444e+00
    3.83000e-01   -5.30501e+00
    3.84000e-01   -5.30559e+00
    3.85000e-01   -5.30617e+00
    3.86000e-01   -5.30674e+00
    3.87000e-01   -5.30733e+00
    3.88000e-01   -5.30791e+00
    3.89000e-01   -5.30850e+00
    3.90000e-01   -5.30908e+00
    3.91000e-01   -5.30968e+00
    3.92000e-01   -5.31027e+00
    3.93000e-01   -5.31086e+00
    3.94000e-01   -5.31146e+00
    3.95000e-01   -5.31206e+00
    3.96000e-01   -5.31266e+00
    3.97000e-01   -5.31327e+00
    3.98000e-01   -5.31387e+00
    3.99000e-01   -5.31448e+00
    4.00000e-01   -5.31509e+00
    4.01000e-01   -5.31571e+00
    4.02000e-01   -5.31632e+00
    4.03000e-01   -5.31694e+00
    4.04000e-01   -5.31756e+00
    4.05000e-01   -5.31818e+00
    4.06000e-01   -5.31881e+00
    4.07000e-01   -5.31943e+00
    4.08000e-01   -5.32006e+00
    4.09000e-01   -5.32069e+00
    4.10000e-01   -5.32132e+00
    4.11000e-01   -5.32196e+00
    4.12000e-01   -5.32260e+00
    4.13000e-01   -5.32324e+00
    4.14000e-01   -5.32388e+00
    4.15000e-01   -5.32452e+00
    4.16000e-01   -5.32517e+00
    4.17000e-01   -5.32581e+00
    4.18000e-01   -5.32646e+00
    4.19000e-01   -5.32712e+00
    4.20000e-01   -5.32777e+00
    4.21000e-01   -5.32843e+00
    4.22000e-01   -5.32909e+00
    4.23000e-01   -5.32975e+00
    4.24000e-01   -5.33041e+00
    4.25000e-01   -5.33108e+00
    4.26000e-01   -5.33174e+00
    4.27000e-01   -5.33241e+00
    4.28000e-01   -5.33308e+00
    4.29000e-01   -5.33376e+00
    4.30000e-01   -5.33443e+00
    4.31000e-01   -5.33511e+00
    4.32000e-01   -5.33579e+00
    4.33000e-01   -5.33647e+00
    4.34000e-01   -5.33716e+00
    4.35000e-01   -5.33784e+00
    4.36000e-01   -5.33853e+00
    4.37000e-01   -5.33922e+00
    4.38000e-01   -5.33991e+00
    4.39000e-01   -5.34061e+00
    4.40000e-01   -5.34130e+00
    4.41000e-01   -5.34200e+00
    4.42000e-01   -5.34270e+00
    4.43000e-01   -5.34341e+00
    4.44000e-01   -5.34411e+00
    4.45000e-01   -5.34482e+00
    4.46000e-01   -5.34553e+00
    4.47000e-01   -5.34624e+00
    4.48000e-01   -5.34695e+00
    4.49000e-01   -5.34767e+00
    4.50000e-01   -5.34838e+00
    4.51000e-01   -5.34910e+00
    4.52000e-01   -5.34982e+00
    4.53000e-01   -5.35055e+00
    4.54000e-01   -5.35127e+00
    4.55000e-01   -5.35200e+00
    4.56000e-01   -5.35273e+00
    4.57000e-01   -5.35346e+00
    4.58000e-01   -5.35420e+00
    4.59000e-01   -5.35493e+00
    4.60000e-01   -5.35567e+00
    4.61000e-01   -5.35641e+00
    4.62000e-01   -5.35715e+00
    4.63000e-01   -5.35790e+00
    4.64000e-01   -5.35864e+00
    4.65000e-01   -5.35939e+00
    4.66000e-01   -5.36014e+00
    4.67000e-01   -5.36090e+00
    4.68000e-01   -5.36165e+00
    4.69000e-01   -5.36241e+00
    4.70000e-01   -5.36317e+00
    4.71000e-01   -5.36393e+00
    4.72000e-01   -5.36469e+00
    4.73000e-01   -5.36546e+00
    4.74000e-01   -5.36622e+00
    4.75000e-01   -5.36699e+00
    4.76000e-01   -5.36776e+00
    4.77000e-01   -5.36854e+00
    4.78000e-01   -5.36931e+00
    4.79000e-01   -5.37009e+00
    4.80000e-01   -5.37087e+00
    4.81000e-01   -5.37165e+00
    4.82000e-01   -5.37244e+00
    4.83000e-01   -5.37322e+00
    4.84000e-01   -5.37401e+00
    4.85000e-01   -5.37480e+00
    4.86000e-01   -5.37559e+00
    4.87000e-01   -5.37639e+00
    4.88000e-01   -5.37718e+00
    4.89000e-01   -5.37798e+00
    4.90000e-01   -5.37878e+00
    4.91000e-01   -5.37959e+00
    4.92000e-01   -5.38039e+00
    4.93000e-01   -5.38120e+00
    4.94000e-01   -5.38201e+00
    4.95000e-01   -5.38282e+00
    4.96000e-01   -5.38363e+00
    4.97000e-01   -5.38445e+00
    4.98000e-01   -5.38527e+00
    4.99000e-01   -5.38609e+00
    5.00000e-01   -5.38691e+00
    5.01000e-01   -5.38773e+00
    5.02000e-01   -5.38856e+00
    5.03000e-01   -5.38939e+00
    5.04000e-01   -5.39022e+00
    5.05000e-01   -5.39105e+00
    5.06000e-01   -5.39189e+00
    5.07000e-01   -5.39272e+00
    5.08000e-01   -5.39356e+00
    5.09000e-01   -5.39440e+00
    5.10000e-01   -5.39525e+00
    5.11000e-01   -5.39609e+00
    5.12000e-01   -5.39694e+00
    5.13000e-01   -5.39779e+00
    5.14000e-01   -5.39864e+00
    5.15000e-01   -5.39950e+00
    5.16000e-01   -5.40036e+00
    5.17000e-01   -5.40122e+00
    5.18000e-01   -5.40208e+00
    5.19000e-01   -5.40294e+00
    5.20000e-01   -5.40381e+00
    5.21000e-01   -5.40467e+00
    5.22000e-01   -5.40554e+00
    5.23000e-01   -5.40642e+00
    5.24000e-01   -5.40729e+00
    5.25000e-01   -5.40817e+00
    5.26000e-01   -5.40905e+00
    5.27000e-01   -5.40993e+00
    5.28000e-01   -5.41081e+00
    5.29000e-01   -5.41170e+00
    5.30000e-01   -5.41259e+00
    5.31000e-01   -5.41348e+00
    5.32000e-01   -5.41437e+00
    5.33000e-01   -5.41527e+00
    5.34000e-01   -5.41616e+00
    5.35000e-01   -5.41706e+00
    5.36000e-01   -5.41797e+00
    5.37000e-01   -5.41887e+00
    5.38000e-01   -5.41978e+00
    5.39000e-01   -5.42069e+00
    5.40000e-01   -5.42160e+00
    5.41000e-01   -5.42251e+00
    5.42000e-01   -5.42343e+00
    5.43000e-01   -5.42435e+00
    5.44000e-01   -5.42527e+00
    5.45000e-01   -5.42619e+00
    5.46000e-01   -5.42712e+00
    5.47000e-01   -5.42805e+00
    5.48000e-01   -5.42898e+00
    5.49000e-01   -5.42991e+00
    5.50000e-01   -5.43084e+00
    5.51000e-01   -5.43178e+00
    5.52000e-01   -5.43272e+00
    5.53000e-01   -5.43366e+00
    5.54000e-01   -5.43461e+00
    5.55000e-01   -5.43556e+00
    5.56000e-01   -5.43651e+00
    5.57000e-01   -5.43746e+00
    5.58000e-01   -5.43841e+00
    5.59000e-01   -5.43937e+00
    5.60000e-01   -5.44033e+00
    5.61000e-01   -5.44129e+00
    5.62000e-01   -5.44226e+00
    5.63000e-01   -5.44322e+00
    5.64000e-01   -5.44419e+00
    5.65000e-01   -5.44517e+00
    5.66000e-01   -5.44614e+00
    5.67000e-01   -5.44712e+00
    5.68000e-01   -5.44810e+00
    5.69000e-01   -5.44908e+00
    5.70000e-01   -5.45007e+00
    5.71000e-01   -5.45105e+00
    5.72000e-01   -5.45204e+00
    5.73000e-01   -5.45304e+00
    5.74000e-01   -5.45403e+00
    5.75000e-01   -5.45503e+00
    5.76000e-01   -5.45603e+00
    5.77000e-01   -5.45703e+00
    5.78000e-01   -5.45804e+00
    5.79000e-01   -5.45905e+00
    5.80000e-01   -5.46006e+00
    5.81000e-01   -5.46107e+00
    5.82000e-01   -5.46209e+00
    5.83000e-01   -5.46311e+00
    5.84000e-01   -5.46413e+00
    5.85000e-01   -5.46516e+00
    5.86000e-01   -5.46618e+00
    5.87000e-01   -5.46721e+00
    5.88000e-01   -5.46825e+00
    5.89000e-01   -5.46928e+00
    5.90000e-01   -5.47032e+00
    5.91000e-01   -5.47136e+00
    5.92000e-01   -5.47241e+00
    5.93000e-01   -5.47345e+00
    5.94000e-01   -5.47450e+00
    5.95000e-01   -5.47556e+00
    5.96000e-01   -5.47661e+00
    5.97000e-01   -5.47767e+00
    5.98000e-01   -5.47873e+00
    5.99000e-01   -5.47979e+00
    6.00000e-01   -5.48086e+00
    6.01000e-01   -5.48193e+00
    6.02000e-01   -5.48300e+00
    6.03000e-01   -5.48408e+00
    6.04000e-01   -5.48516e+00
    6.05000e-01   -5.48624e+00
    6.06000e-01   -5.48732e+00
    6.07000e-01   -5.48841e+00
    6.08000e-01   -5.48950e+00
    6.09000e-01   -5.49059e+00
    6.10000e-01   -5.49169e+00
    6.11000e-01   -5.49279e+00
    6.12000e-01   -5.49389e+00
    6.13000e-01   -5.49500e+00
    6.14000e-01   -5.49610e+00
    6.15000e-01   -5.49722e+00
    6.16000e-01   -5.49833e+00
    6.17000e-01   -5.49945e+00
    6.18000e-01   -5.50057e+00
    6.19000e-01   -5.50169e+00
    6.20000e-01   -5.50282e+00
    6.21000e-01   -5.50395e+00
    6.22000e-01   -5.50508e+00
    6.23000e-01   -5.50622e+00
    6.24000e-01   -5.50736e+00
    6.25000e-01   -5.50850e+00
    6.26000e-01   -5.50965e+00
    6.27000e-01   -5.51080e+00
    6.28000e-01   -5.51195e+00
    6.29000e-01   -5.51311e+00
    6.30000e-01   -5.51427e+00
    6.31000e-01   -5.51543e+00
    6.32000e-01   -5.51660e+00
    6.33000e-01   -5.51777e+00
    6.34000e-01   -5.51894e+00
    6.35000e-01   -5.52012e+00
    6.36000e-01   -5.52130e+00
    6.37000e-01   -5.52248e+00
    6.38000e-01   -5.52366e+00
    6.39000e-01   -5.52485e+00
    6.40000e-01   -5.52605e+00
    6.41000e-01   -5.52725e+00
    6.42000e-01   -5.52845e+00
    6.43000e-01   -5.52965e+00
    6.44000e-01   -5.53086e+00
    6.45000e-01   -5.53207e+00
    6.46000e-01   -5.53328e+00
    6.47000e-01   -5.53450e+00
    6.48000e-01   -5.53572e+00
    6.49000e-01   -5.53695e+00
    6.50000e-01   -5.53818e+00
    6.51000e-01   -5.53941e+00
    6.52000e-01   -5.54065e+00
    6.53000e-01   -5.54189e+00
    6.54000e-01   -5.54313e+00
    6.55000e-01   -5.54438e+00
    6.56000e-01   -5.54563e+00
    6.57000e-01   -5.54689e+00
    6.58000e-01   -5.54814e+00
    6.59000e-01   -5.54941e+00
    6.60000e-01   -5.55067e+00
    6.61000e-01   -5.55194e+00
    6.62000e-01   -5.55322e+00
    6.63000e-01   -5.55450e+00
    6.64000e-01   -5.55578e+00
    6.65000e-01   -5.55707e+00
    6.66000e-01   -5.55836e+00
    6.67000e-01   -5.55965e+00
    6.68000e-01   -5.56095e+00
    6.69000e-01   -5.56225e+00
    6.70000e-01   -5.56356e+00
    6.71000e-01   -5.56487e+00
    6.72000e-01   -5.56618e+00
    6.73000e-01   -5.56750e+00
    6.74000e-01   -5.56883e+00
    6.75000e-01   -5.57015e+00
    6.76000e-01   -5.57149e+00
    6.77000e-01   -5.57282e+00
    6.78000e-01   -5.57416e+00
    6.79000e-01   -5.57551e+00
    6.80000e-01   -5.57685e+00
    6.81000e-01   -5.57821e+00
    6.82000e-01   -5.57956e+00
    6.83000e-01   -5.58093e+00
    6.84000e-01   -5.58229e+00
    6.85000e-01   -5.58366e+00
    6.86000e-01   -5.58504e+00
    6.87000e-01   -5.58642e+00
    6.88000e-01   -5.58780e+00
    6.89000e-01   -5.58919e+00
    6.90000e-01   -5.59059e+00
    6.91000e-01   -5.59198e+00
    6.92000e-01   -5.59339e+00
    6.93000e-01   -5.59479e+00
    6.94000e-01   -5.59621e+00
    6.95000e-01   -5.59762e+00
    6.96000e-01   -5.59904e+00
    6.97000e-01   -5.60047e+00
    6.98000e-01   -5.60190e+00
    6.99000e-01   -5.60334e+00
    7.00000e-01   -5.60478e+00
    7.01000e-01   -5.60623e+00
    7.02000e-01   -5.60768e+00
    7.03000e-01   -5.60913e+00
    7.04000e-01   -5.61059e+00
    7.05000e-01   -5.61206e+00
    7.06000e-01   -5.61353e+00
    7.07000e-01   -5.61501e+00
    7.08000e-01   -5.61649e+00
    7.09000e-01   -5.61797e+00
    7.10000e-01   -5.61947e+00
    7.11000e-01   -5.62096e+00
    7.12000e-01   -5.62247e+00
    7.13000e-01   -5.62397e+00
    7.14000e-01   -5.62549e+00
    7.15000e-01   -5.62701e+00
    7.16000e-01   -5.62853e+00
    7.17000e-01   -5.63006e+00
    7.18000e-01   -5.63159e+00
    7.19000e-01   -5.63313e+00
    7.20000e-01   -5.63468e+00
    7.21000e-01   -5.63623e+00
    7.22000e-01   -5.63779e+00
    7.23000e-01   -5.63935e+00
    7.24000e-01   -5.64092e+00
    7.25000e-01   -5.64250e+00
    7.26000e-01   -5.64408e+00
    7.27000e-01   -5.64566e+00
    7.28000e-01   -5.64726e+00
    7.29000e-01   -5.64885e+00
    7.30000e-01   -5.65046e+00
    7.31000e-01   -5.65207e+00
    7.32000e-01   -5.65369e+00
    7.33000e-01   -5.65531e+00
    7.34000e-01   -5.65694e+00
    7.35000e-01   -5.65857e+00
    7.36000e-01   -5.66021e+00
    7.37000e-01   -5.66186e+00
    7.38000e-01   -5.66352e+00
    7.39000e-01   -5.66518e+00
    7.40000e-01   -5.66684e+00
    7.41000e-01   -5.66852e+00
    7.42000e-01   -5.67020e+00
    7.43000e-01   -5.67188e+00
    7.44000e-01   -5.67358e+00
    7.45000e-01   -5.67528e+00
    7.46000e-01   -5.67698e+00
    7.47000e-01   -5.67870e+00
    7.48000e-01   -5.68042e+00
    7.49000e-01   -5.68215e+00
    7.50000e-01   -5.68388e+00
    7.51000e-01   -5.68562e+00
    7.52000e-01   -5.68737e+00
    7.53000e-01   -5.68913e+00
    7.54000e-01   -5.69089e+00
    7.55000e-01   -5.69266e+00
    7.56000e-01   -5.69444e+00
    7.57000e-01   -5.69622e+00
    7.58000e-01   -5.69802e+00
    7.59000e-01   -5.69982e+00
    7.60000e-01   -5.70162e+00
    7.61000e-01   -5.70344e+00
    7.62000e-01   -5.70526e+00
    7.63000e-01   -5.70709e+00
    7.64000e-01   -5.70893e+00
    7.65000e-01   -5.71078e+00
    7.66000e-01   -5.71263e+00
    7.67000e-01   -5.71450e+00
    7.68000e-01   -5.71637e+00
    7.69000e-01   -5.71825e+00
    7.70000e-01   -5.72013e+00
    7.71000e-01   -5.72203e+00
    7.72000e-01   -5.72393e+00
    7.73000e-01   -5.72584e+00
    7.74000e-01   -5.72777e+00
    7.75000e-01   -5.72969e+00
    7.76000e-01   -5.73163e+00
    7.77000e-01   -5.73358e+00
    7.78000e-01   -5.73554e+00
    7.79000e-01   -5.73750e+00
    7.80000e-01   -5.73947e+00
    7.81000e-01   -5.74146e+00
    7.82000e-01   -5.74345e+00
    7.83000e-01   -5.74545e+00
    7.84000e-01   -5.74746e+00
    7.85000e-01   -5.74948e+00
    7.86000e-01   -5.75151e+00
    7.87000e-01   -5.75355e+00
    7.88000e-01   -5.75560e+00
    7.89000e-01   -5.75766e+00
    7.90000e-01   -5.75973e+00
    7.91000e-01   -5.76180e+00
    7.92000e-01   -5.76389e+00
    7.93000e-01   -5.76599e+00
    7.94000e-01   -5.76810e+00
    7.95000e-01   -5.77022e+00
    7.96000e-01   -5.77235e+00
    7.97000e-01   -5.77449e+00
    7.98000e-01   -5.77664e+00
    7.99000e-01   -5.77880e+00
    8.00000e-01   -5.78098e+00
    8.01000e-01   -5.78316e+00
    8.02000e-01   -5.78535e+00
    8.03000e-01   -5.78756e+00
    8.04000e-01   -5.78978e+00
    8.05000e-01   -5.79201e+00
    8.06000e-01   -5.79425e+00
    8.07000e-01   -5.79650e+00
    8.08000e-01   -5.79876e+00
    8.09000e-01   -5.80104e+00
    8.10000e-01   -5.80333e+00
    8.11000e-01   -5.80563e+00
    8.12000e-01   -5.80794e+00
    8.13000e-01   -5.81027e+00
    8.14000e-01   -5.81260e+00
    8.15000e-01   -5.81495e+00
    8.16000e-01   -5.81732e+00
    8.17000e-01   -5.81969e+00
    8.18000e-01   -5.82208e+00
    8.19000e-01   -5.82448e+00
    8.20000e-01   -5.82690e+00
    8.21000e-01   -5.82933e+00
    8.22000e-01   -5.83177e+00
    8.23000e-01   -5.83423e+00
    8.24000e-01   -5.83670e+00
    8.25000e-01   -5.83919e+00
    8.26000e-01   -5.84169e+00
    8.27000e-01   -5.84420e+00
    8.28000e-01   -5.84673e+00
    8.29000e-01   -5.84927e+00
    8.30000e-01   -5.85183e+00
    8.31000e-01   -5.85441e+00
    8.32000e-01   -5.85700e+00
    8.33000e-01   -5.85960e+00
    8.34000e-01   -5.86222e+00
    8.35000e-01   -5.86486e+00
    8.36000e-01   -5.86751e+00
    8.37000e-01   -5.87018e+00
    8.38000e-01   -5.87287e+00
    8.39000e-01   -5.87557e+00
    8.40000e-01   -5.87829e+00
    8.41000e-01   -5.88103e+00
    8.42000e-01   -5.88378e+00
    8.43000e-01   -5.88655e+00
    8.44000e-01   -5.88934e+00
    8.45000e-01   -5.89215e+00
    8.46000e-01   -5.89498e+00
    8.47000e-01   -5.89782e+00
    8.48000e-01   -5.90069e+00
    8.49000e-01   -5.90357e+00
    8.50000e-01   -5.90647e+00
    8.51000e-01   -5.90939e+00
    8.52000e-01   -5.91234e+00
    8.53000e-01   -5.91530e+00
    8.54000e-01   -5.91828e+00
    8.55000e-01   -5.92128e+00
    8.56000e-01   -5.92431e+00
    8.57000e-01   -5.92735e+00
    8.58000e-01   -5.93042e+00
    8.59000e-01   -5.93351e+00
    8.60000e-01   -5.93662e+00
    8.61000e-01   -5.93975e+00
    8.62000e-01   -5.94291e+00
    8.63000e-01   -5.94608e+00
    8.64000e-01   -5.94929e+00
    8.65000e-01   -5.95251e+00
    8.66000e-01   -5.95576e+00
    8.67000e-01   -5.95904e+00
    8.68000e-01   -5.96234e+00
    8.69000e-01   -5.96566e+00
    8.70000e-01   -5.96902e+00
    8.71000e-01   -5.97239e+00
    8.72000e-01   -5.97580e+00
    8.73000e-01   -5.97923e+00
    8.74000e-01   -5.98269e+00
    8.75000e-01   -5.98617e+00
    8.76000e-01   -5.98969e+00
    8.77000e-01   -5.99323e+00
    8.78000e-01   -5.99680e+00
    8.79000e-01   -6.00040e+00
    8.80000e-01   -6.00404e+00
    8.81000e-01   -6.00770e+00
    8.82000e-01   -6.01139e+00
    8.83000e-01   -6.01512e+00
    8.84000e-01   -6.01888e+00
    8.85000e-01   -6.02267e+00
    8.86000e-01   -6.02649e+00
    8.87000e-01   -6.03035e+00
    8.88000e-01   -6.03424e+00
    8.89000e-01   -6.03817e+00
    8.90000e-01   -6.04213e+00
    8.91000e-01   -6.04613e+00
    8.92000e-01   -6.05017e+00
    8.93000e-01   -6.05425e+00
    8.94000e-01   -6.05836e+00
    8.95000e-01   -6.06252e+00
    8.96000e-01   -6.06671e+00
    8.97000e-01   -6.07095e+00
    8.98000e-01   -6.07522e+00
    8.99000e-01   -6.07954e+00
    9.00000e-01   -6.08390e+00
    9.01000e-01   -6.08831e+00
    9.02000e-01   -6.09276e+00
    9.03000e-01   -6.09726e+00
    9.04000e-01   -6.10181e+00
    9.05000e-01   -6.10640e+00
    9.06000e-01   -6.11105e+00
    9.07000e-01   -6.11574e+00
    9.08000e-01   -6.12048e+00
    9.09000e-01   -6.12528e+00
    9.10000e-01   -6.13013e+00
    9.11000e-01   -6.13504e+00
    9.12000e-01   -6.14000e+00
    9.13000e-01   -6.14502e+00
    9.14000e-01   -6.15010e+00
    9.15000e-01   -6.15523e+00
    9.16000e-01   -6.16043e+00
    9.17000e-01   -6.16569e+00
    9.18000e-01   -6.17102e+00
    9.19000e-01   -6.17642e+00
    9.20000e-01   -6.18188e+00
    9.21000e-01   -6.18741e+00
    9.22000e-01   -6.19301e+00
    9.23000e-01   -6.19868e+00
    9.24000e-01   -6.20444e+00
    9.25000e-01   -6.21026e+00
    9.26000e-01   -6.21617e+00
    9.27000e-01   -6.22216e+00
    9.28000e-01   -6.22823e+00
    9.29000e-01   -6.23439e+00
    9.30000e-01   -6.24064e+00
    9.31000e-01   -6.24698e+00
    9.32000e-01   -6.25341e+00
    9.33000e-01   -6.25994e+00
    9.34000e-01   -6.26657e+00
    9.35000e-01   -6.27330e+00
    9.36000e-01   -6.28014e+00
    9.37000e-01   -6.28708e+00
    9.38000e-01   -6.29415e+00
    9.39000e-01   -6.30132e+00
    9.40000e-01   -6.30862e+00
    9.41000e-01   -6.31604e+00
    9.42000e-01   -6.32359e+00
    9.43000e-01   -6.33128e+00
    9.44000e-01   -6.33910e+00
    9.45000e-01   -6.34707e+00
    9.46000e-01   -6.35519e+00
    9.47000e-01   -6.36346e+00
    9.48000e-01   -6.37189e+00
    9.49000e-01   -6.38049e+00
    9.50000e-01   -6.38926e+00
    9.51000e-01   -6.39822e+00
    9.52000e-01   -6.40736e+00
    9.53000e-01   -6.41670e+00
    9.54000e-01   -6.42624e+00
    9.55000e-01   -6.43600e+00
    9.56000e-01   -6.44598e+00
    9.57000e-01   -6.45620e+00
    9.58000e-01   -6.46666e+00
    9.59000e-01   -6.47739e+00
    9.60000e-01   -6.48838e+00
    9.61000e-01   -6.49966e+00
    9.62000e-01   -6.51124e+00
    9.63000e-01   -6.52314e+00
    9.64000e-01   -6.53537e+00
    9.65000e-01   -6.54796e+00
    9.66000e-01   -6.56092e+00
    9.67000e-01   -6.57429e+00
    9.68000e-01   -6.58807e+00
    9.69000e-01   -6.60231e+00
    9.70000e-01   -6.61703e+00
    9.71000e-01   -6.63227e+00
    9.72000e-01   -6.64807e+00
    9.73000e-01   -6.66446e+00
    9.74000e-01   -6.68149e+00
    9.75000e-01   -6.69921e+00
    9.76000e-01   -6.71770e+00
    9.77000e-01   -6.73700e+00
    9.78000e-01   -6.75720e+00
    9.79000e-01   -6.77839e+00
    9.80000e-01   -6.80067e+00
    9.81000e-01   -6.82415e+00
    9.82000e-01   -6.84897e+00
    9.83000e-01   -6.87530e+00
    9.84000e-01   -6.90332e+00
    9.85000e-01   -6.93329e+00
    9.86000e-01   -6.96547e+00
    9.87000e-01   -7.00023e+00
    9.88000e-01   -7.03802e+00
    9.89000e-01   -7.07941e+00
    9.90000e-01   -7.12517e+00
    9.91000e-01   -7.17632e+00
    9.92000e-01   -7.23431e+00
    9.93000e-01   -7.30126e+00
    9.94000e-01   -7.38044e+00
    9.95000e-01   -7.47734e+00
    9.96000e-01   -7.60228e+00
    9.97000e-01   -7.77837e+00
    9.98000e-01   -8.07940e+00
    9.99000e-01   3.96092e-320
    1.00000e+00    0.00000e+00
