    0.00000e+00    0.00000e+00
    1.00000e-02    8.50921e-02
    2.00000e-02    1.61136e-01
    3.00000e-02    2.28992e-01
    4.00000e-02    2.89440e-01
    5.00000e-02    3.43186e-01
    6.00000e-02    3.90865e-01
    7.00000e-02    4.33057e-01
    8.00000e-02    4.70283e-01
    9.00000e-02    5.03015e-01
    1.00000e-01    5.31682e-01
    1.10000e-01    5.56670e-01
    1.20000e-01    5.78329e-01
    1.30000e-01    5.96976e-01
    1.40000e-01    6.12898e-01
    1.50000e-01    6.26355e-01
    1.60000e-01    6.37579e-01
    1.70000e-01    6.46785e-01
    1.80000e-01    6.54164e-01
    1.90000e-01    6.59890e-01
    2.00000e-01    6.64120e-01
    2.10000e-01    6.66997e-01
    2.20000e-01    6.68649e-01
    2.30000e-01    6.69194e-01
    2.40000e-01    6.68735e-01
    2.50000e-01    6.67370e-01
    2.60000e-01    6.65184e-01
    2.70000e-01    6.62255e-01
    2.80000e-01    6.58654e-01
    2.90000e-01    6.54444e-01
    3.00000e-01    6.49685e-01
    3.10000e-01    6.44428e-01
    3.20000e-01    6.38720e-01
    3.30000e-01    6.32604e-01
    3.40000e-01    6.26120e-01
    3.50000e-01    6.19302e-01
    3.60000e-01    6.12182e-01
    3.70000e-01    6.04789e-01
    3.80000e-01    5.97149e-01
    3.90000e-01    5.89285e-01
    4.00000e-01    5.81218e-01
    4.10000e-01    5.72968e-01
    4.20000e-01    5.64553e-01
    4.30000e-01    5.55987e-01
    4.40000e-01    5.47286e-01
    4.50000e-01    5.38463e-01
    4.60000e-01    5.29528e-01
    4.70000e-01    5.20492e-01
    4.80000e-01    5.11366e-01
    4.90000e-01    5.02157e-01
    5.00000e-01    4.92874e-01
    5.10000e-01    4.83523e-01
    5.20000e-01    4.74112e-01
    5.30000e-01    4.64645e-01
    5.40000e-01    4.55129e-01
    5.50000e-01    4.45567e-01
    5.60000e-01    4.35964e-01
    5.70000e-01    4.26325e-01
    5.80000e-01    4.16651e-01
    5.90000e-01    4.06948e-01
    6.00000e-01    3.97217e-01
    6.10000e-01    3.87462e-01
    6.20000e-01    3.77684e-01
    6.30000e-01    3.67886e-01
    6.40000e-01    3.58069e-01
    6.50000e-01    3.48236e-01
    6.60000e-01    3.38388e-01
    6.70000e-01    3.28526e-01
    6.80000e-01    3.18651e-01
    6.90000e-01    3.08766e-01
    7.00000e-01    2.98871e-01
    7.10000e-01    2.88966e-01
    7.20000e-01    2.79053e-01
    7.30000e-01    2.69133e-01
    7.40000e-01    2.59206e-01
    7.50000e-01    2.49273e-01
    7.60000e-01    2.39335e-01
    7.70000e-01    2.29391e-01
    7.80000e-01    2.19443e-01
    7.90000e-01    2.09490e-01
    8.00000e-01    1.99535e-01
    8.10000e-01    1.89575e-01
    8.20000e-01    1.79613e-01
    8.30000e-01    1.69648e-01
    8.40000e-01    1.59680e-01
    8.50000e-01    1.49710e-01
    8.60000e-01    1.39738e-01
    8.70000e-01    1.29765e-01
    8.80000e-01    1.19789e-01
    8.90000e-01    1.09812e-01
    9.00000e-01    9.98342e-02
    9.10000e-01    8.98547e-02
    9.20000e-01    7.98741e-02
    9.30000e-01    6.98925e-02
    9.40000e-01    5.99100e-02
    9.50000e-01    4.99267e-02
    9.60000e-01    3.99426e-02
    9.70000e-01    2.99578e-02
    9.80000e-01    1.99724e-02
    9.90000e-01    9.98645e-03
    1.00000e+00    0.00000e+00
