    0.00000e+00    0.00000e+00
    1.00000e-03    8.95014e-03
    2.00000e-03    1.78013e-02
    3.00000e-03    2.65544e-02
    4.00000e-03    3.52104e-02
    5.00000e-03    4.37704e-02
    6.00000e-03    5.22353e-02
    7.00000e-03    6.06060e-02
    8.00000e-03    6.88834e-02
    9.00000e-03    7.70686e-02
    1.00000e-02    8.51623e-02
    1.10000e-02    9.31656e-02
    1.20000e-02    1.01079e-01
    1.30000e-02    1.08904e-01
    1.40000e-02    1.16641e-01
    1.50000e-02    1.24292e-01
    1.60000e-02    1.31856e-01
    1.70000e-02    1.39335e-01
    1.80000e-02    1.46729e-01
    1.90000e-02    1.54040e-01
    2.00000e-02    1.61269e-01
    2.10000e-02    1.68415e-01
    2.20000e-02    1.75481e-01
    2.30000e-02    1.82466e-01
    2.40000e-02    1.89372e-01
    2.50000e-02    1.96199e-01
    2.60000e-02    2.02948e-01
    2.70000e-02    2.09620e-01
    2.80000e-02    2.16216e-01
    2.90000e-02    2.22736e-01
    3.00000e-02    2.29181e-01
    3.10000e-02    2.35552e-01
    3.20000e-02    2.41850e-01
    3.30000e-02    2.48076e-01
    3.40000e-02    2.54229e-01
    3.50000e-02    2.60311e-01
    3.60000e-02    2.66323e-01
    3.70000e-02    2.72265e-01
    3.80000e-02    2.78138e-01
    3.90000e-02    2.83943e-01
    4.00000e-02    2.89679e-01
    4.10000e-02    2.95349e-01
    4.20000e-02    3.00953e-01
    4.30000e-02    3.06490e-01
    4.40000e-02    3.11963e-01
    4.50000e-02    3.17371e-01
    4.60000e-02    3.22716e-01
    4.70000e-02    3.27997e-01
    4.80000e-02    3.33216e-01
    4.90000e-02    3.38373e-01
    5.00000e-02    3.43469e-01
    5.10000e-02    3.48504e-01
    5.20000e-02    3.53479e-01
    5.30000e-02    3.58394e-01
    5.40000e-02    3.63251e-01
    5.50000e-02    3.68050e-01
    5.60000e-02    3.72790e-01
    5.70000e-02    3.77474e-01
    5.80000e-02    3.82101e-01
    5.90000e-02    3.86672e-01
    6.00000e-02    3.91188e-01
    6.10000e-02    3.95649e-01
    6.20000e-02    4.00055e-01
    6.30000e-02    4.04408e-01
    6.40000e-02    4.08707e-01
    6.50000e-02    4.12954e-01
    6.60000e-02    4.17148e-01
    6.70000e-02    4.21291e-01
    6.80000e-02    4.25383e-01
    6.90000e-02    4.29423e-01
    7.00000e-02    4.33414e-01
    7.10000e-02    4.37355e-01
    7.20000e-02    4.41247e-01
    7.30000e-02    4.45091e-01
    7.40000e-02    4.48886e-01
    7.50000e-02    4.52633e-01
    7.60000e-02    4.56333e-01
    7.70000e-02    4.59987e-01
    7.80000e-02    4.63594e-01
    7.90000e-02    4.67155e-01
    8.00000e-02    4.70671e-01
    8.10000e-02    4.74142e-01
    8.20000e-02    4.77568e-01
    8.30000e-02    4.80950e-01
    8.40000e-02    4.84289e-01
    8.50000e-02    4.87585e-01
    8.60000e-02    4.90838e-01
    8.70000e-02    4.94048e-01
    8.80000e-02    4.97217e-01
    8.90000e-02    5.00344e-01
    9.00000e-02    5.03430e-01
    9.10000e-02    5.06476e-01
    9.20000e-02    5.09481e-01
    9.30000e-02    5.12446e-01
    9.40000e-02    5.15372e-01
    9.50000e-02    5.18259e-01
    9.60000e-02    5.21107e-01
    9.70000e-02    5.23917e-01
    9.80000e-02    5.26689e-01
    9.90000e-02    5.29423e-01
    1.00000e-01    5.32121e-01
    1.01000e-01    5.34781e-01
    1.02000e-01    5.37405e-01
    1.03000e-01    5.39993e-01
    1.04000e-01    5.42546e-01
    1.05000e-01    5.45062e-01
    1.06000e-01    5.47544e-01
    1.07000e-01    5.49992e-01
    1.08000e-01    5.52405e-01
    1.09000e-01    5.54784e-01
    1.10000e-01    5.57129e-01
    1.11000e-01    5.59441e-01
    1.12000e-01    5.61721e-01
    1.13000e-01    5.63967e-01
    1.14000e-01    5.66181e-01
    1.15000e-01    5.68364e-01
    1.16000e-01    5.70514e-01
    1.17000e-01    5.72634e-01
    1.18000e-01    5.74722e-01
    1.19000e-01    5.76779e-01
    1.20000e-01    5.78806e-01
    1.21000e-01    5.80803e-01
    1.22000e-01    5.82771e-01
    1.23000e-01    5.84708e-01
    1.24000e-01    5.86617e-01
    1.25000e-01    5.88496e-01
    1.26000e-01    5.90347e-01
    1.27000e-01    5.92169e-01
    1.28000e-01    5.93964e-01
    1.29000e-01    5.95730e-01
    1.30000e-01    5.97469e-01
    1.31000e-01    5.99181e-01
    1.32000e-01    6.00866e-01
    1.33000e-01    6.02524e-01
    1.34000e-01    6.04155e-01
    1.35000e-01    6.05761e-01
    1.36000e-01    6.07340e-01
    1.37000e-01    6.08894e-01
    1.38000e-01    6.10423e-01
    1.39000e-01    6.11926e-01
    1.40000e-01    6.13404e-01
    1.41000e-01    6.14858e-01
    1.42000e-01    6.16287e-01
    1.43000e-01    6.17692e-01
    1.44000e-01    6.19074e-01
    1.45000e-01    6.20431e-01
    1.46000e-01    6.21765e-01
    1.47000e-01    6.23076e-01
    1.48000e-01    6.24364e-01
    1.49000e-01    6.25629e-01
    1.50000e-01    6.26871e-01
    1.51000e-01    6.28092e-01
    1.52000e-01    6.29290e-01
    1.53000e-01    6.30466e-01
    1.54000e-01    6.31621e-01
    1.55000e-01    6.32754e-01
    1.56000e-01    6.33866e-01
    1.57000e-01    6.34957e-01
    1.58000e-01    6.36027e-01
    1.59000e-01    6.37076e-01
    1.60000e-01    6.38105e-01
    1.61000e-01    6.39114e-01
    1.62000e-01    6.40103e-01
    1.63000e-01    6.41072e-01
    1.64000e-01    6.42022e-01
    1.65000e-01    6.42952e-01
    1.66000e-01    6.43863e-01
    1.67000e-01    6.44755e-01
    1.68000e-01    6.45628e-01
    1.69000e-01    6.46483e-01
    1.70000e-01    6.47319e-01
    1.71000e-01    6.48137e-01
    1.72000e-01    6.48936e-01
    1.73000e-01    6.49718e-01
    1.74000e-01    6.50482e-01
    1.75000e-01    6.51229e-01
    1.76000e-01    6.51958e-01
    1.77000e-01    6.52670e-01
    1.78000e-01    6.53364e-01
    1.79000e-01    6.54043e-01
    1.80000e-01    6.54704e-01
    1.81000e-01    6.55349e-01
    1.82000e-01    6.55977e-01
    1.83000e-01    6.56589e-01
    1.84000e-01    6.57185e-01
    1.85000e-01    6.57766e-01
    1.86000e-01    6.58330e-01
    1.87000e-01    6.58879e-01
    1.88000e-01    6.59413e-01
    1.89000e-01    6.59931e-01
    1.90000e-01    6.60435e-01
    1.91000e-01    6.60923e-01
    1.92000e-01    6.61396e-01
    1.93000e-01    6.61855e-01
    1.94000e-01    6.62299e-01
    1.95000e-01    6.62729e-01
    1.96000e-01    6.63145e-01
    1.97000e-01    6.63547e-01
    1.98000e-01    6.63934e-01
    1.99000e-01    6.64308e-01
    2.00000e-01    6.64668e-01
    2.01000e-01    6.65015e-01
    2.02000e-01    6.65348e-01
    2.03000e-01    6.65668e-01
    2.04000e-01    6.65975e-01
    2.05000e-01    6.66269e-01
    2.06000e-01    6.66550e-01
    2.07000e-01    6.66818e-01
    2.08000e-01    6.67074e-01
    2.09000e-01    6.67317e-01
    2.10000e-01    6.67548e-01
    2.11000e-01    6.67766e-01
    2.12000e-01    6.67972e-01
    2.13000e-01    6.68167e-01
    2.14000e-01    6.68349e-01
    2.15000e-01    6.68520e-01
    2.16000e-01    6.68679e-01
    2.17000e-01    6.68827e-01
    2.18000e-01    6.68963e-01
    2.19000e-01    6.69088e-01
    2.20000e-01    6.69201e-01
    2.21000e-01    6.69304e-01
    2.22000e-01    6.69395e-01
    2.23000e-01    6.69476e-01
    2.24000e-01    6.69546e-01
    2.25000e-01    6.69605e-01
    2.26000e-01    6.69654e-01
    2.27000e-01    6.69693e-01
    2.28000e-01    6.69721e-01
    2.29000e-01    6.69738e-01
    2.30000e-01    6.69746e-01
    2.31000e-01    6.69744e-01
    2.32000e-01    6.69731e-01
    2.33000e-01    6.69709e-01
    2.34000e-01    6.69677e-01
    2.35000e-01    6.69636e-01
    2.36000e-01    6.69585e-01
    2.37000e-01    6.69524e-01
    2.38000e-01    6.69455e-01
    2.39000e-01    6.69376e-01
    2.40000e-01    6.69287e-01
    2.41000e-01    6.69190e-01
    2.42000e-01    6.69084e-01
    2.43000e-01    6.68969e-01
    2.44000e-01    6.68845e-01
    2.45000e-01    6.68712e-01
    2.46000e-01    6.68571e-01
    2.47000e-01    6.68421e-01
    2.48000e-01    6.68262e-01
    2.49000e-01    6.68096e-01
    2.50000e-01    6.67921e-01
    2.51000e-01    6.67738e-01
    2.52000e-01    6.67546e-01
    2.53000e-01    6.67347e-01
    2.54000e-01    6.67140e-01
    2.55000e-01    6.66924e-01
    2.56000e-01    6.66701e-01
    2.57000e-01    6.66471e-01
    2.58000e-01    6.66232e-01
    2.59000e-01    6.65986e-01
    2.60000e-01    6.65733e-01
    2.61000e-01    6.65472e-01
    2.62000e-01    6.65203e-01
    2.63000e-01    6.64928e-01
    2.64000e-01    6.64645e-01
    2.65000e-01    6.64355e-01
    2.66000e-01    6.64058e-01
    2.67000e-01    6.63754e-01
    2.68000e-01    6.63443e-01
    2.69000e-01    6.63126e-01
    2.70000e-01    6.62801e-01
    2.71000e-01    6.62470e-01
    2.72000e-01    6.62132e-01
    2.73000e-01    6.61788e-01
    2.74000e-01    6.61437e-01
    2.75000e-01    6.61079e-01
    2.76000e-01    6.60715e-01
    2.77000e-01    6.60345e-01
    2.78000e-01    6.59969e-01
    2.79000e-01    6.59586e-01
    2.80000e-01    6.59197e-01
    2.81000e-01    6.58802e-01
    2.82000e-01    6.58401e-01
    2.83000e-01    6.57995e-01
    2.84000e-01    6.57582e-01
    2.85000e-01    6.57163e-01
    2.86000e-01    6.56739e-01
    2.87000e-01    6.56309e-01
    2.88000e-01    6.55873e-01
    2.89000e-01    6.55431e-01
    2.90000e-01    6.54984e-01
    2.91000e-01    6.54532e-01
    2.92000e-01    6.54074e-01
    2.93000e-01    6.53611e-01
    2.94000e-01    6.53142e-01
    2.95000e-01    6.52668e-01
    2.96000e-01    6.52189e-01
    2.97000e-01    6.51705e-01
    2.98000e-01    6.51215e-01
    2.99000e-01    6.50721e-01
    3.00000e-01    6.50221e-01
    3.01000e-01    6.49717e-01
    3.02000e-01    6.49207e-01
    3.03000e-01    6.48693e-01
    3.04000e-01    6.48174e-01
    3.05000e-01    6.47650e-01
    3.06000e-01    6.47121e-01
    3.07000e-01    6.46587e-01
    3.08000e-01    6.46049e-01
    3.09000e-01    6.45507e-01
    3.10000e-01    6.44959e-01
    3.11000e-01    6.44408e-01
    3.12000e-01    6.43852e-01
    3.13000e-01    6.43291e-01
    3.14000e-01    6.42726e-01
    3.15000e-01    6.42157e-01
    3.16000e-01    6.41583e-01
    3.17000e-01    6.41005e-01
    3.18000e-01    6.40423e-01
    3.19000e-01    6.39837e-01
    3.20000e-01    6.39247e-01
    3.21000e-01    6.38653e-01
    3.22000e-01    6.38054e-01
    3.23000e-01    6.37452e-01
    3.24000e-01    6.36846e-01
    3.25000e-01    6.36235e-01
    3.26000e-01    6.35621e-01
    3.27000e-01    6.35003e-01
    3.28000e-01    6.34381e-01
    3.29000e-01    6.33756e-01
    3.30000e-01    6.33127e-01
    3.31000e-01    6.32494e-01
    3.32000e-01    6.31857e-01
    3.33000e-01    6.31217e-01
    3.34000e-01    6.30573e-01
    3.35000e-01    6.29926e-01
    3.36000e-01    6.29275e-01
    3.37000e-01    6.28620e-01
    3.38000e-01    6.27963e-01
    3.39000e-01    6.27301e-01
    3.40000e-01    6.26637e-01
    3.41000e-01    6.25969e-01
    3.42000e-01    6.25298e-01
    3.43000e-01    6.24623e-01
    3.44000e-01    6.23946e-01
    3.45000e-01    6.23265e-01
    3.46000e-01    6.22581e-01
    3.47000e-01    6.21894e-01
    3.48000e-01    6.21203e-01
    3.49000e-01    6.20510e-01
    3.50000e-01    6.19813e-01
    3.51000e-01    6.19114e-01
    3.52000e-01    6.18411e-01
    3.53000e-01    6.17706e-01
    3.54000e-01    6.16998e-01
    3.55000e-01    6.16286e-01
    3.56000e-01    6.15572e-01
    3.57000e-01    6.14855e-01
    3.58000e-01    6.14135e-01
    3.59000e-01    6.13413e-01
    3.60000e-01    6.12688e-01
    3.61000e-01    6.11959e-01
    3.62000e-01    6.11229e-01
    3.63000e-01    6.10495e-01
    3.64000e-01    6.09759e-01
    3.65000e-01    6.09020e-01
    3.66000e-01    6.08279e-01
    3.67000e-01    6.07535e-01
    3.68000e-01    6.06789e-01
    3.69000e-01    6.06040e-01
    3.70000e-01    6.05288e-01
    3.71000e-01    6.04534e-01
    3.72000e-01    6.03778e-01
    3.73000e-01    6.03019e-01
    3.74000e-01    6.02258e-01
    3.75000e-01    6.01494e-01
    3.76000e-01    6.00728e-01
    3.77000e-01    5.99960e-01
    3.78000e-01    5.99189e-01
    3.79000e-01    5.98417e-01
    3.80000e-01    5.97641e-01
    3.81000e-01    5.96864e-01
    3.82000e-01    5.96085e-01
    3.83000e-01    5.95303e-01
    3.84000e-01    5.94519e-01
    3.85000e-01    5.93733e-01
    3.86000e-01    5.92945e-01
    3.87000e-01    5.92154e-01
    3.88000e-01    5.91362e-01
    3.89000e-01    5.90567e-01
    3.90000e-01    5.89771e-01
    3.91000e-01    5.88972e-01
    3.92000e-01    5.88172e-01
    3.93000e-01    5.87369e-01
    3.94000e-01    5.86565e-01
    3.95000e-01    5.85758e-01
    3.96000e-01    5.84950e-01
    3.97000e-01    5.84140e-01
    3.98000e-01    5.83328e-01
    3.99000e-01    5.82514e-01
    4.00000e-01    5.81698e-01
    4.01000e-01    5.80880e-01
    4.02000e-01    5.80060e-01
    4.03000e-01    5.79239e-01
    4.04000e-01    5.78416e-01
    4.05000e-01    5.77591e-01
    4.06000e-01    5.76765e-01
    4.07000e-01    5.75936e-01
    4.08000e-01    5.75106e-01
    4.09000e-01    5.74275e-01
    4.10000e-01    5.73441e-01
    4.11000e-01    5.72606e-01
    4.12000e-01    5.71769e-01
    4.13000e-01    5.70931e-01
    4.14000e-01    5.70091e-01
    4.15000e-01    5.69250e-01
    4.16000e-01    5.68407e-01
    4.17000e-01    5.67562e-01
    4.18000e-01    5.66716e-01
    4.19000e-01    5.65868e-01
    4.20000e-01    5.65019e-01
    4.21000e-01    5.64168e-01
    4.22000e-01    5.63316e-01
    4.23000e-01    5.62462e-01
    4.24000e-01    5.61607e-01
    4.25000e-01    5.60750e-01
    4.26000e-01    5.59892e-01
    4.27000e-01    5.59033e-01
    4.28000e-01    5.58172e-01
    4.29000e-01    5.57310e-01
    4.30000e-01    5.56446e-01
    4.31000e-01    5.55581e-01
    4.32000e-01    5.54715e-01
    4.33000e-01    5.53847e-01
    4.34000e-01    5.52979e-01
    4.35000e-01    5.52108e-01
    4.36000e-01    5.51237e-01
    4.37000e-01    5.50364e-01
    4.38000e-01    5.49490e-01
    4.39000e-01    5.48615e-01
    4.40000e-01    5.47738e-01
    4.41000e-01    5.46860e-01
    4.42000e-01    5.45981e-01
    4.43000e-01    5.45101e-01
    4.44000e-01    5.44220e-01
    4.45000e-01    5.43337e-01
    4.46000e-01    5.42453e-01
    4.47000e-01    5.41568e-01
    4.48000e-01    5.40682e-01
    4.49000e-01    5.39795e-01
    4.50000e-01    5.38907e-01
    4.51000e-01    5.38018e-01
    4.52000e-01    5.37127e-01
    4.53000e-01    5.36235e-01
    4.54000e-01    5.35343e-01
    4.55000e-01    5.34449e-01
    4.56000e-01    5.33554e-01
    4.57000e-01    5.32658e-01
    4.58000e-01    5.31761e-01
    4.59000e-01    5.30864e-01
    4.60000e-01    5.29965e-01
    4.61000e-01    5.29065e-01
    4.62000e-01    5.28164e-01
    4.63000e-01    5.27262e-01
    4.64000e-01    5.26359e-01
    4.65000e-01    5.25455e-01
    4.66000e-01    5.24550e-01
    4.67000e-01    5.23645e-01
    4.68000e-01    5.22738e-01
    4.69000e-01    5.21830e-01
    4.70000e-01    5.20922e-01
    4.71000e-01    5.20012e-01
    4.72000e-01    5.19102e-01
    4.73000e-01    5.18191e-01
    4.74000e-01    5.17279e-01
    4.75000e-01    5.16366e-01
    4.76000e-01    5.15452e-01
    4.77000e-01    5.14537e-01
    4.78000e-01    5.13621e-01
    4.79000e-01    5.12705e-01
    4.80000e-01    5.11788e-01
    4.81000e-01    5.10870e-01
    4.82000e-01    5.09951e-01
    4.83000e-01    5.09031e-01
    4.84000e-01    5.08111e-01
    4.85000e-01    5.07189e-01
    4.86000e-01    5.06267e-01
    4.87000e-01    5.05345e-01
    4.88000e-01    5.04421e-01
    4.89000e-01    5.03497e-01
    4.90000e-01    5.02571e-01
    4.91000e-01    5.01646e-01
    4.92000e-01    5.00719e-01
    4.93000e-01    4.99792e-01
    4.94000e-01    4.98864e-01
    4.95000e-01    4.97935e-01
    4.96000e-01    4.97005e-01
    4.97000e-01    4.96075e-01
    4.98000e-01    4.95144e-01
    4.99000e-01    4.94213e-01
    5.00000e-01    4.93281e-01
    5.01000e-01    4.92348e-01
    5.02000e-01    4.91414e-01
    5.03000e-01    4.90480e-01
    5.04000e-01    4.89545e-01
    5.05000e-01    4.88610e-01
    5.06000e-01    4.87673e-01
    5.07000e-01    4.86737e-01
    5.08000e-01    4.85799e-01
    5.09000e-01    4.84861e-01
    5.10000e-01    4.83922e-01
    5.11000e-01    4.82983e-01
    5.12000e-01    4.82043e-01
    5.13000e-01    4.81103e-01
    5.14000e-01    4.80162e-01
    5.15000e-01    4.79220e-01
    5.16000e-01    4.78278e-01
    5.17000e-01    4.77335e-01
    5.18000e-01    4.76392e-01
    5.19000e-01    4.75448e-01
    5.20000e-01    4.74503e-01
    5.21000e-01    4.73558e-01
    5.22000e-01    4.72612e-01
    5.23000e-01    4.71666e-01
    5.24000e-01    4.70720e-01
    5.25000e-01    4.69772e-01
    5.26000e-01    4.68825e-01
    5.27000e-01    4.67876e-01
    5.28000e-01    4.66928e-01
    5.29000e-01    4.65978e-01
    5.30000e-01    4.65029e-01
    5.31000e-01    4.64078e-01
    5.32000e-01    4.63128e-01
    5.33000e-01    4.62176e-01
    5.34000e-01    4.61225e-01
    5.35000e-01    4.60272e-01
    5.36000e-01    4.59320e-01
    5.37000e-01    4.58366e-01
    5.38000e-01    4.57413e-01
    5.39000e-01    4.56459e-01
    5.40000e-01    4.55504e-01
    5.41000e-01    4.54549e-01
    5.42000e-01    4.53594e-01
    5.43000e-01    4.52638e-01
    5.44000e-01    4.51681e-01
    5.45000e-01    4.50725e-01
    5.46000e-01    4.49767e-01
    5.47000e-01    4.48810e-01
    5.48000e-01    4.47852e-01
    5.49000e-01    4.46893e-01
    5.50000e-01    4.45934e-01
    5.51000e-01    4.44975e-01
    5.52000e-01    4.44016e-01
    5.53000e-01    4.43055e-01
    5.54000e-01    4.42095e-01
    5.55000e-01    4.41134e-01
    5.56000e-01    4.40173e-01
    5.57000e-01    4.39211e-01
    5.58000e-01    4.38249e-01
    5.59000e-01    4.37287e-01
    5.60000e-01    4.36324e-01
    5.61000e-01    4.35361e-01
    5.62000e-01    4.34397e-01
    5.63000e-01    4.33433e-01
    5.64000e-01    4.32469e-01
    5.65000e-01    4.31505e-01
    5.66000e-01    4.30540e-01
    5.67000e-01    4.29574e-01
    5.68000e-01    4.28609e-01
    5.69000e-01    4.27643e-01
    5.70000e-01    4.26676e-01
    5.71000e-01    4.25710e-01
    5.72000e-01    4.24743e-01
    5.73000e-01    4.23775e-01
    5.74000e-01    4.22808e-01
    5.75000e-01    4.21840e-01
    5.76000e-01    4.20872e-01
    5.77000e-01    4.19903e-01
    5.78000e-01    4.18934e-01
    5.79000e-01    4.17965e-01
    5.80000e-01    4.16995e-01
    5.81000e-01    4.16025e-01
    5.82000e-01    4.15055e-01
    5.83000e-01    4.14085e-01
    5.84000e-01    4.13114e-01
    5.85000e-01    4.12143e-01
    5.86000e-01    4.11172e-01
    5.87000e-01    4.10200e-01
    5.88000e-01    4.09228e-01
    5.89000e-01    4.08256e-01
    5.90000e-01    4.07284e-01
    5.91000e-01    4.06311e-01
    5.92000e-01    4.05338e-01
    5.93000e-01    4.04365e-01
    5.94000e-01    4.03392e-01
    5.95000e-01    4.02418e-01
    5.96000e-01    4.01444e-01
    5.97000e-01    4.00470e-01
    5.98000e-01    3.99495e-01
    5.99000e-01    3.98520e-01
    6.00000e-01    3.97545e-01
    6.01000e-01    3.96570e-01
    6.02000e-01    3.95594e-01
    6.03000e-01    3.94619e-01
    6.04000e-01    3.93643e-01
    6.05000e-01    3.92666e-01
    6.06000e-01    3.91690e-01
    6.07000e-01    3.90713e-01
    6.08000e-01    3.89736e-01
    6.09000e-01    3.88759e-01
    6.10000e-01    3.87782e-01
    6.11000e-01    3.86804e-01
    6.12000e-01    3.85826e-01
    6.13000e-01    3.84848e-01
    6.14000e-01    3.83870e-01
    6.15000e-01    3.82891e-01
    6.16000e-01    3.81913e-01
    6.17000e-01    3.80934e-01
    6.18000e-01    3.79954e-01
    6.19000e-01    3.78975e-01
    6.20000e-01    3.77996e-01
    6.21000e-01    3.77016e-01
    6.22000e-01    3.76036e-01
    6.23000e-01    3.75056e-01
    6.24000e-01    3.74075e-01
    6.25000e-01    3.73095e-01
    6.26000e-01    3.72114e-01
    6.27000e-01    3.71133e-01
    6.28000e-01    3.70152e-01
    6.29000e-01    3.69171e-01
    6.30000e-01    3.68189e-01
    6.31000e-01    3.67208e-01
    6.32000e-01    3.66226e-01
    6.33000e-01    3.65244e-01
    6.34000e-01    3.64261e-01
    6.35000e-01    3.63279e-01
    6.36000e-01    3.62296e-01
    6.37000e-01    3.61314e-01
    6.38000e-01    3.60331e-01
    6.39000e-01    3.59348e-01
    6.40000e-01    3.58365e-01
    6.41000e-01    3.57381e-01
    6.42000e-01    3.56398e-01
    6.43000e-01    3.55414e-01
    6.44000e-01    3.54430e-01
    6.45000e-01    3.53446e-01
    6.46000e-01    3.52462e-01
    6.47000e-01    3.51477e-01
    6.48000e-01    3.50493e-01
    6.49000e-01    3.49508e-01
    6.50000e-01    3.48523e-01
    6.51000e-01    3.47538e-01
    6.52000e-01    3.46553e-01
    6.53000e-01    3.45568e-01
    6.54000e-01    3.44582e-01
    6.55000e-01    3.43597e-01
    6.56000e-01    3.42611e-01
    6.57000e-01    3.41625e-01
    6.58000e-01    3.40639e-01
    6.59000e-01    3.39653e-01
    6.60000e-01    3.38667e-01
    6.61000e-01    3.37680e-01
    6.62000e-01    3.36694e-01
    6.63000e-01    3.35707e-01
    6.64000e-01    3.34720e-01
    6.65000e-01    3.33733e-01
    6.66000e-01    3.32746e-01
    6.67000e-01    3.31759e-01
    6.68000e-01    3.30772e-01
    6.69000e-01    3.29784e-01
    6.70000e-01    3.28797e-01
    6.71000e-01    3.27809e-01
    6.72000e-01    3.26821e-01
    6.73000e-01    3.25833e-01
    6.74000e-01    3.24845e-01
    6.75000e-01    3.23857e-01
    6.76000e-01    3.22869e-01
    6.77000e-01    3.21880e-01
    6.78000e-01    3.20892e-01
    6.79000e-01    3.19903e-01
    6.80000e-01    3.18914e-01
    6.81000e-01    3.17926e-01
    6.82000e-01    3.16937e-01
    6.83000e-01    3.15948e-01
    6.84000e-01    3.14958e-01
    6.85000e-01    3.13969e-01
    6.86000e-01    3.12980e-01
    6.87000e-01    3.11990e-01
    6.88000e-01    3.11000e-01
    6.89000e-01    3.10011e-01
    6.90000e-01    3.09021e-01
    6.91000e-01    3.08031e-01
    6.92000e-01    3.07041e-01
    6.93000e-01    3.06051e-01
    6.94000e-01    3.05061e-01
    6.95000e-01    3.04070e-01
    6.96000e-01    3.03080e-01
    6.97000e-01    3.02089e-01
    6.98000e-01    3.01099e-01
    6.99000e-01    3.00108e-01
    7.00000e-01    2.99117e-01
    7.01000e-01    2.98127e-01
    7.02000e-01    2.97136e-01
    7.03000e-01    2.96145e-01
    7.04000e-01    2.95153e-01
    7.05000e-01    2.94162e-01
    7.06000e-01    2.93171e-01
    7.07000e-01    2.92179e-01
    7.08000e-01    2.91188e-01
    7.09000e-01    2.90196e-01
    7.10000e-01    2.89205e-01
    7.11000e-01    2.88213e-01
    7.12000e-01    2.87221e-01
    7.13000e-01    2.86229e-01
    7.14000e-01    2.85237e-01
    7.15000e-01    2.84245e-01
    7.16000e-01    2.83253e-01
    7.17000e-01    2.82261e-01
    7.18000e-01    2.81269e-01
    7.19000e-01    2.80276e-01
    7.20000e-01    2.79284e-01
    7.21000e-01    2.78291e-01
    7.22000e-01    2.77299e-01
    7.23000e-01    2.76306e-01
    7.24000e-01    2.75313e-01
    7.25000e-01    2.74320e-01
    7.26000e-01    2.73328e-01
    7.27000e-01    2.72335e-01
    7.28000e-01    2.71342e-01
    7.29000e-01    2.70349e-01
    7.30000e-01    2.69355e-01
    7.31000e-01    2.68362e-01
    7.32000e-01    2.67369e-01
    7.33000e-01    2.66375e-01
    7.34000e-01    2.65382e-01
    7.35000e-01    2.64389e-01
    7.36000e-01    2.63395e-01
    7.37000e-01    2.62401e-01
    7.38000e-01    2.61408e-01
    7.39000e-01    2.60414e-01
    7.40000e-01    2.59420e-01
    7.41000e-01    2.58426e-01
    7.42000e-01    2.57432e-01
    7.43000e-01    2.56438e-01
    7.44000e-01    2.55444e-01
    7.45000e-01    2.54450e-01
    7.46000e-01    2.53456e-01
    7.47000e-01    2.52462e-01
    7.48000e-01    2.51468e-01
    7.49000e-01    2.50473e-01
    7.50000e-01    2.49479e-01
    7.51000e-01    2.48484e-01
    7.52000e-01    2.47490e-01
    7.53000e-01    2.46495e-01
    7.54000e-01    2.45501e-01
    7.55000e-01    2.44506e-01
    7.56000e-01    2.43511e-01
    7.57000e-01    2.42517e-01
    7.58000e-01    2.41522e-01
    7.59000e-01    2.40527e-01
    7.60000e-01    2.39532e-01
    7.61000e-01    2.38537e-01
    7.62000e-01    2.37542e-01
    7.63000e-01    2.36547e-01
    7.64000e-01    2.35552e-01
    7.65000e-01    2.34557e-01
    7.66000e-01    2.33562e-01
    7.67000e-01    2.32566e-01
    7.68000e-01    2.31571e-01
    7.69000e-01    2.30576e-01
    7.70000e-01    2.29580e-01
    7.71000e-01    2.28585e-01
    7.72000e-01    2.27589e-01
    7.73000e-01    2.26594e-01
    7.74000e-01    2.25598e-01
    7.75000e-01    2.24603e-01
    7.76000e-01    2.23607e-01
    7.77000e-01    2.22611e-01
    7.78000e-01    2.21615e-01
    7.79000e-01    2.20620e-01
    7.80000e-01    2.19624e-01
    7.81000e-01    2.18628e-01
    7.82000e-01    2.17632e-01
    7.83000e-01    2.16636e-01
    7.84000e-01    2.15640e-01
    7.85000e-01    2.14644e-01
    7.86000e-01    2.13648e-01
    7.87000e-01    2.12652e-01
    7.88000e-01    2.11656e-01
    7.89000e-01    2.10660e-01
    7.90000e-01    2.09663e-01
    7.91000e-01    2.08667e-01
    7.92000e-01    2.07671e-01
    7.93000e-01    2.06674e-01
    7.94000e-01    2.05678e-01
    7.95000e-01    2.04682e-01
    7.96000e-01    2.03685e-01
    7.97000e-01    2.02689e-01
    7.98000e-01    2.01692e-01
    7.99000e-01    2.00696e-01
    8.00000e-01    1.99699e-01
    8.01000e-01    1.98703e-01
    8.02000e-01    1.97706e-01
    8.03000e-01    1.96709e-01
    8.04000e-01    1.95713e-01
    8.05000e-01    1.94716e-01
    8.06000e-01    1.93719e-01
    8.07000e-01    1.92722e-01
    8.08000e-01    1.91725e-01
    8.09000e-01    1.90729e-01
    8.10000e-01    1.89732e-01
    8.11000e-01    1.88735e-01
    8.12000e-01    1.87738e-01
    8.13000e-01    1.86741e-01
    8.14000e-01    1.85744e-01
    8.15000e-01    1.84747e-01
    8.16000e-01    1.83750e-01
    8.17000e-01    1.82753e-01
    8.18000e-01    1.81755e-01
    8.19000e-01    1.80758e-01
    8.20000e-01    1.79761e-01
    8.21000e-01    1.78764e-01
    8.22000e-01    1.77767e-01
    8.23000e-01    1.76769e-01
    8.24000e-01    1.75772e-01
    8.25000e-01    1.74775e-01
    8.26000e-01    1.73777e-01
    8.27000e-01    1.72780e-01
    8.28000e-01    1.71783e-01
    8.29000e-01    1.70785e-01
    8.30000e-01    1.69788e-01
    8.31000e-01    1.68790e-01
    8.32000e-01    1.67793e-01
    8.33000e-01    1.66795e-01
    8.34000e-01    1.65798e-01
    8.35000e-01    1.64800e-01
    8.36000e-01    1.63803e-01
    8.37000e-01    1.62805e-01
    8.38000e-01    1.61807e-01
    8.39000e-01    1.60810e-01
    8.40000e-01    1.59812e-01
    8.41000e-01    1.58814e-01
    8.42000e-01    1.57816e-01
    8.43000e-01    1.56819e-01
    8.44000e-01    1.55821e-01
    8.45000e-01    1.54823e-01
    8.46000e-01    1.53825e-01
    8.47000e-01    1.52828e-01
    8.48000e-01    1.51830e-01
    8.49000e-01    1.50832e-01
    8.50000e-01    1.49834e-01
    8.51000e-01    1.48836e-01
    8.52000e-01    1.47838e-01
    8.53000e-01    1.46840e-01
    8.54000e-01    1.45842e-01
    8.55000e-01    1.44844e-01
    8.56000e-01    1.43846e-01
    8.57000e-01    1.42848e-01
    8.58000e-01    1.41850e-01
    8.59000e-01    1.40852e-01
    8.60000e-01    1.39854e-01
    8.61000e-01    1.38856e-01
    8.62000e-01    1.37858e-01
    8.63000e-01    1.36859e-01
    8.64000e-01    1.35861e-01
    8.65000e-01    1.34863e-01
    8.66000e-01    1.33865e-01
    8.67000e-01    1.32867e-01
    8.68000e-01    1.31868e-01
    8.69000e-01    1.30870e-01
    8.70000e-01    1.29872e-01
    8.71000e-01    1.28874e-01
    8.72000e-01    1.27875e-01
    8.73000e-01    1.26877e-01
    8.74000e-01    1.25879e-01
    8.75000e-01    1.24880e-01
    8.76000e-01    1.23882e-01
    8.77000e-01    1.22883e-01
    8.78000e-01    1.21885e-01
    8.79000e-01    1.20887e-01
    8.80000e-01    1.19888e-01
    8.81000e-01    1.18890e-01
    8.82000e-01    1.17891e-01
    8.83000e-01    1.16893e-01
    8.84000e-01    1.15894e-01
    8.85000e-01    1.14896e-01
    8.86000e-01    1.13897e-01
    8.87000e-01    1.12899e-01
    8.88000e-01    1.11900e-01
    8.89000e-01    1.10902e-01
    8.90000e-01    1.09903e-01
    8.91000e-01    1.08905e-01
    8.92000e-01    1.07906e-01
    8.93000e-01    1.06907e-01
    8.94000e-01    1.05909e-01
    8.95000e-01    1.04910e-01
    8.96000e-01    1.03911e-01
    8.97000e-01    1.02913e-01
    8.98000e-01    1.01914e-01
    8.99000e-01    1.00915e-01
    9.00000e-01    9.99166e-02
    9.01000e-01    9.89179e-02
    9.02000e-01    9.79192e-02
    9.03000e-01    9.69204e-02
    9.04000e-01    9.59217e-02
    9.05000e-01    9.49229e-02
    9.06000e-01    9.39241e-02
    9.07000e-01    9.29253e-02
    9.08000e-01    9.19265e-02
    9.09000e-01    9.09277e-02
    9.10000e-01    8.99289e-02
    9.11000e-01    8.89301e-02
    9.12000e-01    8.79312e-02
    9.13000e-01    8.69324e-02
    9.14000e-01    8.59335e-02
    9.15000e-01    8.49346e-02
    9.16000e-01    8.39357e-02
    9.17000e-01    8.29368e-02
    9.18000e-01    8.19379e-02
    9.19000e-01    8.09390e-02
    9.20000e-01    7.99401e-02
    9.21000e-01    7.89411e-02
    9.22000e-01    7.79422e-02
    9.23000e-01    7.69432e-02
    9.24000e-01    7.59442e-02
    9.25000e-01    7.49453e-02
    9.26000e-01    7.39463e-02
    9.27000e-01    7.29473e-02
    9.28000e-01    7.19483e-02
    9.29000e-01    7.09492e-02
    9.30000e-01    6.99502e-02
    9.31000e-01    6.89512e-02
    9.32000e-01    6.79521e-02
    9.33000e-01    6.69531e-02
    9.34000e-01    6.59540e-02
    9.35000e-01    6.49549e-02
    9.36000e-01    6.39559e-02
    9.37000e-01    6.29568e-02
    9.38000e-01    6.19577e-02
    9.39000e-01    6.09586e-02
    9.40000e-01    5.99595e-02
    9.41000e-01    5.89603e-02
    9.42000e-01    5.79612e-02
    9.43000e-01    5.69621e-02
    9.44000e-01    5.59629e-02
    9.45000e-01    5.49638e-02
    9.46000e-01    5.39646e-02
    9.47000e-01    5.29654e-02
    9.48000e-01    5.19662e-02
    9.49000e-01    5.09671e-02
    9.50000e-01    4.99679e-02
    9.51000e-01    4.89687e-02
    9.52000e-01    4.79695e-02
    9.53000e-01    4.69702e-02
    9.54000e-01    4.59710e-02
    9.55000e-01    4.49718e-02
    9.56000e-01    4.39725e-02
    9.57000e-01    4.29733e-02
    9.58000e-01    4.19740e-02
    9.59000e-01    4.09748e-02
    9.60000e-01    3.99755e-02
    9.61000e-01    3.89762e-02
    9.62000e-01    3.79770e-02
    9.63000e-01    3.69777e-02
    9.64000e-01    3.59784e-02
    9.65000e-01    3.49791e-02
    9.66000e-01    3.39798e-02
    9.67000e-01    3.29805e-02
    9.68000e-01    3.19812e-02
    9.69000e-01    3.09818e-02
    9.70000e-01    2.99825e-02
    9.71000e-01    2.89832e-02
    9.72000e-01    2.79838e-02
    9.73000e-01    2.69845e-02
    9.74000e-01    2.59851e-02
    9.75000e-01    2.49858e-02
    9.76000e-01    2.39864e-02
    9.77000e-01    2.29870e-02
    9.78000e-01    2.19876e-02
    9.79000e-01    2.09883e-02
    9.80000e-01    1.99889e-02
    9.81000e-01    1.89895e-02
    9.82000e-01    1.79901e-02
    9.83000e-01    1.69907e-02
    9.84000e-01    1.59913e-02
    9.85000e-01    1.49918e-02
    9.86000e-01    1.39924e-02
    9.87000e-01    1.29930e-02
    9.88000e-01    1.19936e-02
    9.89000e-01    1.09941e-02
    9.90000e-01    9.99469e-03
    9.91000e-01    8.99524e-03
    9.92000e-01    7.99579e-03
    9.93000e-01    6.99633e-03
    9.94000e-01    5.99687e-03
    9.95000e-01    4.99740e-03
    9.96000e-01    3.99793e-03
    9.97000e-01    2.99846e-03
    9.98000e-01    1.99898e-03
    9.99000e-01    9.99490e-04
    1.00000e+00    0.00000e+00
