    0.00000e+00    0.00000e+00
    1.00000e-02    8.51630e-02
    2.00000e-02    1.61270e-01
    3.00000e-02    2.29183e-01
    4.00000e-02    2.89682e-01
    5.00000e-02    3.43472e-01
    6.00000e-02    3.91191e-01
    7.00000e-02    4.33418e-01
    8.00000e-02    4.70675e-01
    9.00000e-02    5.03434e-01
    1.00000e-01    5.32125e-01
    1.10000e-01    5.57134e-01
    1.20000e-01    5.78811e-01
    1.30000e-01    5.97474e-01
    1.40000e-01    6.13409e-01
    1.50000e-01    6.26877e-01
    1.60000e-01    6.38111e-01
    1.70000e-01    6.47324e-01
    1.80000e-01    6.54709e-01
    1.90000e-01    6.60440e-01
    2.00000e-01    6.64674e-01
    2.10000e-01    6.67553e-01
    2.20000e-01    6.69207e-01
    2.30000e-01    6.69752e-01
    2.40000e-01    6.69293e-01
    2.50000e-01    6.67926e-01
    2.60000e-01    6.65738e-01
    2.70000e-01    6.62807e-01
    2.80000e-01    6.59203e-01
    2.90000e-01    6.54990e-01
    3.00000e-01    6.50227e-01
    3.10000e-01    6.44965e-01
    3.20000e-01    6.39252e-01
    3.30000e-01    6.33132e-01
    3.40000e-01    6.26642e-01
    3.50000e-01    6.19819e-01
    3.60000e-01    6.12693e-01
    3.70000e-01    6.05293e-01
    3.80000e-01    5.97646e-01
    3.90000e-01    5.89776e-01
    4.00000e-01    5.81703e-01
    4.10000e-01    5.73446e-01
    4.20000e-01    5.65023e-01
    4.30000e-01    5.56451e-01
    4.40000e-01    5.47743e-01
    4.50000e-01    5.38911e-01
    4.60000e-01    5.29969e-01
    4.70000e-01    5.20926e-01
    4.80000e-01    5.11792e-01
    4.90000e-01    5.02576e-01
    5.00000e-01    4.93285e-01
    5.10000e-01    4.83926e-01
    5.20000e-01    4.74507e-01
    5.30000e-01    4.65032e-01
    5.40000e-01    4.55508e-01
    5.50000e-01    4.45938e-01
    5.60000e-01    4.36328e-01
    5.70000e-01    4.26680e-01
    5.80000e-01    4.16999e-01
    5.90000e-01    4.07287e-01
    6.00000e-01    3.97548e-01
    6.10000e-01    3.87785e-01
    6.20000e-01    3.77999e-01
    6.30000e-01    3.68192e-01
    6.40000e-01    3.58367e-01
    6.50000e-01    3.48526e-01
    6.60000e-01    3.38670e-01
    6.70000e-01    3.28800e-01
    6.80000e-01    3.18917e-01
    6.90000e-01    3.09024e-01
    7.00000e-01    2.99120e-01
    7.10000e-01    2.89207e-01
    7.20000e-01    2.79286e-01
    7.30000e-01    2.69358e-01
    7.40000e-01    2.59422e-01
    7.50000e-01    2.49481e-01
    7.60000e-01    2.39534e-01
    7.70000e-01    2.29582e-01
    7.80000e-01    2.19626e-01
    7.90000e-01    2.09665e-01
    8.00000e-01    1.99701e-01
    8.10000e-01    1.89733e-01
    8.20000e-01    1.79763e-01
    8.30000e-01    1.69789e-01
    8.40000e-01    1.59813e-01
    8.50000e-01    1.49835e-01
    8.60000e-01    1.39855e-01
    8.70000e-01    1.29873e-01
    8.80000e-01    1.19889e-01
    8.90000e-01    1.09904e-01
    9.00000e-01    9.99175e-02
    9.10000e-01    8.99296e-02
    9.20000e-01    7.99407e-02
    9.30000e-01    6.99508e-02
    9.40000e-01    5.99600e-02
    9.50000e-01    4.99683e-02
    9.60000e-01    3.99759e-02
    9.70000e-01    2.99828e-02
    9.80000e-01    1.99890e-02
    9.90000e-01    9.99477e-03
    1.00000e+00    5.88857e-18
